nep4_zbl 1 C 
zbl 1 2
cutoff 6 5 44 34
n_max 4 4
basis_size 8 8
l_max 4 2 1
ANN 80 0
  2.3344021e+00
  3.3765740e+00
 -4.6943303e-02
 -1.2728733e+00
  2.7905819e-01
 -3.6078669e-02
 -1.3661190e+00
  5.9429139e-01
 -4.3823454e-01
  8.5699028e-01
 -7.3119774e-02
 -1.4273928e+00
 -1.0959277e+00
  1.8258995e-01
  1.8384378e+00
 -6.5266490e-01
 -1.2988447e+00
 -2.2634189e+00
  9.7692984e-01
  1.7347554e+00
 -8.9411408e-01
 -8.5578656e-01
  8.7754726e-01
  2.0654721e+00
 -5.4957294e-01
  6.7350984e-02
 -1.1728075e+00
 -7.9635710e-02
 -9.2767727e-01
  1.2284355e+00
 -4.8166737e-01
 -8.1923735e-01
  1.7690758e-01
 -1.7598855e-01
 -1.9253045e+00
  1.4779592e+00
  1.0752250e+00
  3.0856805e+00
 -1.3722094e+00
  1.0403889e+00
  1.2327716e+00
  2.0766096e+00
 -3.0224762e+00
  1.3848515e+00
 -1.2042184e+00
  2.1751060e+00
  9.4765240e-01
 -9.2134690e-01
  5.8525383e-01
 -8.7371230e-01
  2.0732019e+00
 -2.7896554e+00
 -1.7463489e+00
 -1.9125818e+00
 -3.2026941e-01
  4.2214426e-01
 -2.0436645e+00
  1.6682214e+00
  4.9728128e-01
 -7.1743482e-01
  9.2107445e-01
  3.3361837e-02
  3.2557764e+00
  1.7023627e-02
 -1.2765625e+00
  3.5050073e-01
 -7.0181882e-01
  1.6841451e+00
 -6.1775208e-02
 -1.0144991e+00
 -3.1300977e-01
 -1.2268245e+00
  3.4561923e-01
 -1.3321849e+00
  1.3550586e+00
 -1.4434023e+00
  2.6935012e+00
  9.2232741e-02
  7.0453370e-01
  8.0859053e-01
 -4.4980460e-01
  5.8426678e-01
  5.0166094e-01
  2.0918927e+00
  7.6601195e-01
  1.2093468e+00
 -2.6794907e-01
 -1.4196296e+00
  4.8798498e-02
  2.5858986e+00
 -1.4012828e-01
  1.5649343e+00
  8.0448711e-01
 -1.1318551e-01
  8.6405951e-01
 -1.1390631e-01
 -3.5450356e+00
  9.5992422e-01
 -4.2485556e-01
 -6.8032891e-01
 -1.0357670e+00
 -7.6384878e-01
  4.3633172e-01
 -1.1016556e+00
  9.6550089e-01
 -2.1288102e+00
 -1.0622113e+00
 -1.6762288e+00
  4.3567809e-01
  4.1034343e-03
 -2.2263019e+00
  2.2928609e-01
  3.0402818e+00
  3.5162416e-01
  5.1465183e-01
 -3.2418248e-01
  2.6019659e+00
  7.8428727e-01
  1.7884976e-01
 -2.2114937e-01
 -2.7560356e-01
  2.2999077e+00
  2.4014745e+00
  6.9137536e-02
 -3.3144322e-01
 -3.6387733e-01
  1.3374139e+00
  1.1216118e+00
 -8.9310986e-01
  3.0103487e-01
  1.3313177e+00
 -1.0440737e+00
 -2.1212590e+00
 -1.4578617e+00
  1.4821001e+00
  1.0374742e+00
  9.7353542e-01
  9.7594969e-02
  1.2728996e+00
  3.8564512e-01
 -5.5308056e-01
  1.1957147e+00
  1.3422577e-01
 -2.5020440e+00
  4.2061400e-01
  2.4333340e-01
  4.7149000e+00
  1.2469993e+00
 -1.0779386e+00
 -3.0709726e-01
 -2.4275543e-01
 -1.5033019e+00
 -1.5303607e+00
 -1.2665923e-01
  1.1688808e+00
 -1.7768696e-01
  6.7083776e-01
  1.4990699e-01
  9.2634422e-01
 -3.7270892e-01
 -1.4421864e+00
  4.3692666e-01
  5.2447712e-01
 -3.8514957e-01
  1.1982093e+00
  9.3687725e-01
  4.4137779e-01
  1.9947412e-04
 -1.8996114e-02
 -4.8897171e-01
  1.5699521e+00
  1.5113406e-01
 -7.5614786e-01
 -2.0581552e-01
  1.9920953e-01
 -1.7548788e+00
 -2.5428655e+00
  7.0724976e-01
  1.4867242e-01
  1.6898550e+00
 -2.6245496e-01
  3.1612185e-01
  2.1530399e+00
 -3.5764799e-01
  3.5406566e+00
 -2.0564618e+00
 -1.3448094e-01
  2.8492374e+00
 -1.0226146e+00
  1.5878708e+00
 -5.8762598e-01
  1.7831992e+00
  2.9473481e+00
  6.3740075e-01
  3.0406418e+00
  4.4905192e-01
 -8.0842704e-01
 -5.7203346e-01
 -3.3200994e-02
  1.6646192e+00
 -3.6958048e+00
  5.0372672e-01
  3.3208871e-01
  2.2842097e-01
  7.1482110e-01
 -2.4491230e-01
 -2.2174475e-01
  9.4887292e-01
  5.6304026e-01
 -1.3216490e+00
 -1.1664283e+00
 -3.9281917e-01
  1.0500172e+00
  1.3904449e+00
  2.6188376e+00
 -3.7250280e+00
  1.5794608e-01
  7.8224790e-01
 -3.0840103e-02
  1.5299486e+00
 -5.5696589e-01
 -1.6990875e+00
  1.6429917e+00
  9.5373267e-01
  1.7342103e+00
 -4.9798843e-01
 -1.6522042e+00
 -7.9653090e-01
  2.5923178e+00
 -1.6311409e+00
 -9.7046560e-01
 -2.6561840e+00
 -1.3232285e+00
  1.9938962e+00
  9.8885685e-01
 -1.4163698e+00
  6.6513759e-01
  1.9486693e-01
 -8.4829420e-01
  4.0391424e-01
 -4.0758708e-01
  4.8022214e-01
  3.2812127e-01
 -2.0574039e-01
 -1.1362348e+00
 -4.8693061e+00
 -4.8415524e-01
 -4.9282944e-01
 -7.0301366e-01
  2.5393853e+00
 -3.5520139e+00
 -2.7472820e+00
  1.3839622e+00
  6.3944548e-02
 -1.3082798e-01
 -2.9124951e-02
 -1.8388907e+00
  1.3758647e+00
  8.8669324e-01
  1.0720260e+00
  2.3091345e-01
 -2.0903740e+00
 -1.0678817e+00
  2.3551753e+00
  1.0547086e+00
  1.0487707e+00
  6.3354772e-01
 -1.3652982e+00
 -8.9989197e-01
  1.6540378e+00
 -7.6322353e-01
 -1.5507575e+00
 -6.1148614e-01
 -4.9169767e-01
  1.7676426e+00
 -1.2401506e-01
 -4.1368091e-01
  3.3238757e-01
 -2.7933025e-01
  4.2226422e-03
 -3.3112219e-01
  1.5094484e-01
 -9.5347458e-01
  2.5673735e+00
  1.9967778e-01
 -1.8365251e+00
  4.4934934e-01
 -1.3001126e-01
 -5.8570296e-01
  1.7683542e-01
  5.4021412e-01
  1.6761110e+00
  1.9450517e+00
  1.0998756e+00
 -3.7324768e-01
 -4.4189218e-01
 -6.4998764e-01
 -2.8422689e-01
 -9.7051197e-01
 -1.4721223e+00
  2.0340965e+00
  3.0748704e-01
  9.9260926e-01
 -8.3027929e-02
  3.8132985e+00
  1.6399900e+00
  1.4966934e+00
 -1.6859607e+00
  9.2702603e-01
  1.1427003e+00
 -3.0309284e-01
 -1.2640941e+00
 -4.1395882e-01
 -7.7339959e-01
 -2.9047856e-03
  3.5838089e+00
 -2.8620073e-01
 -8.5095692e-01
 -2.7518612e-01
 -1.4640152e+00
 -6.9791722e-01
  5.3427726e-01
 -5.1211298e-01
  4.6500549e-01
 -8.3347207e-01
  6.9176322e-01
 -1.5959707e+00
 -3.9018223e-01
  1.1680454e+00
 -1.6548971e+00
 -1.8389435e+00
 -1.3932854e+00
 -1.4721596e-01
 -2.0806959e+00
  4.4209257e-01
  7.2039932e-01
 -8.9284718e-01
  5.9083492e-01
 -3.8550028e-01
 -2.5039136e+00
  1.6318989e+00
  4.4889197e-01
 -1.7570482e-01
 -8.6105597e-01
 -8.5749172e-02
 -6.9270813e-01
  5.7522631e-01
 -7.6970226e-01
  3.5223809e-01
 -3.0523500e-01
  1.4601467e+00
  2.1135828e+00
  7.8195250e-01
 -8.6525989e-01
 -2.1054819e-01
  1.6426572e+00
  4.9019796e-01
  3.8965089e+00
  1.1846889e-01
  5.2527463e-01
 -4.4809866e-01
  1.3148202e-01
  5.8771253e-01
  2.9380774e-01
  1.0612013e+00
  8.5258204e-01
  7.4866015e-01
 -3.3987358e-01
 -4.5503637e-01
 -5.8946413e-01
  3.2704833e+00
 -1.6793585e-01
 -2.6124561e-01
 -2.0979283e-02
  5.2782321e-01
  1.3717933e+00
  3.8224500e-01
  4.2893627e-01
  3.0695999e+00
  9.5939642e-01
  3.2611671e-01
 -1.3099015e+00
  2.9908171e-01
  1.3515440e-01
 -3.2240325e-01
  1.8134874e+00
 -3.1660122e-01
 -2.7504480e-01
 -5.6083941e-01
  7.6367295e-01
 -8.7423122e-01
  3.0549964e-02
  9.4106787e-01
  9.7080046e-01
  1.6767271e+00
  4.9678090e-01
  2.8156549e-01
 -8.7622780e-01
  4.3852675e-01
  1.1431926e+00
 -1.4205517e+00
  1.9825054e-02
  1.4928253e-01
  2.9669596e-02
 -1.2311608e+00
 -2.3008406e+00
 -2.4201598e+00
  1.3508807e+00
 -9.7632003e-01
  1.2512913e+00
  6.7982125e-01
  3.1946561e+00
 -5.2954781e-01
  4.1892514e-01
 -2.6758361e-01
  9.1143662e-01
  2.9574087e-02
  4.2512506e-01
 -4.2366621e-01
 -4.7692177e-01
  5.1886129e-01
 -3.0838034e-01
  1.1026234e-01
 -1.6903657e-01
 -5.0904959e-01
 -1.8539129e-01
 -1.3304818e+00
 -1.9244132e+00
 -1.4643379e+00
  1.9646078e-01
 -1.4019037e+00
 -2.5708744e-01
 -6.8110949e-01
 -1.4826638e+00
  4.5293024e-01
 -6.9693428e-01
 -1.5624901e+00
  2.8713768e+00
 -5.4585773e-01
 -1.1810230e+00
  1.1919731e+00
 -1.2831817e+00
 -2.9700097e-01
 -9.9873297e-02
 -3.5893553e-01
  8.1256318e-01
 -1.4824970e-01
 -1.3461132e-01
  8.1189238e-02
  5.5324350e-02
  3.7671658e-01
 -2.1579754e-01
 -1.8376884e-01
 -5.1497179e-01
 -3.1731377e+00
 -2.3995605e-01
 -7.7224940e-01
  8.2140160e-01
 -3.7519835e-02
  1.9662827e+00
 -2.9112117e+00
  1.2117269e+00
 -2.1052836e-02
 -5.0757784e-01
  1.8965777e+00
  9.8260117e-01
  9.4114965e-01
 -7.3906296e-01
  6.9722682e-01
 -1.1847216e+00
 -1.0800201e+00
 -1.8901994e+00
 -8.6929579e+00
  1.9062536e+00
 -1.1859374e+00
  7.4109936e-01
  9.5618206e-01
  2.2299092e+00
 -1.9110970e-01
  4.7872752e-01
 -2.0219679e+00
 -2.8193552e+00
  1.0300944e+00
  1.4407082e-01
  6.1958671e-01
 -2.4575111e-01
 -2.4031255e-01
  5.8386803e-02
 -1.0347494e+00
 -3.1438234e-01
  5.4745311e-01
 -5.4085535e-01
  4.4174403e-01
 -2.9415652e-01
 -7.9726207e-01
 -3.1781435e-01
 -3.7828512e-02
 -1.0336852e+00
  6.0576063e-01
 -4.3441778e-01
 -1.1077205e+00
 -1.3060778e+00
 -5.1908773e-01
  7.0964175e-01
  9.1061169e-01
 -1.3671949e+00
  2.1010501e-02
  2.5852004e-01
  1.3969752e+00
  1.4640902e-01
  8.8457966e-01
 -9.6321344e-01
  1.8873969e-01
 -1.0483212e+00
  1.0344267e+00
 -4.0603364e-01
 -9.3151397e-01
  2.2805374e-02
 -2.9739965e-02
 -1.1491632e+00
  2.2034897e-01
  1.2119073e+00
  8.9380398e-02
  3.3138758e-01
 -1.0486282e+00
  1.2126869e+00
 -1.5126628e-01
 -1.4963021e+00
  5.9370279e-01
  2.2588632e-01
  6.5253429e-02
 -1.3568662e+00
 -1.1534748e+00
  1.4800707e+00
  3.2963932e-01
  2.2807584e+00
  3.0272148e+00
 -3.4101892e+00
  1.1795703e+00
 -9.3072064e-02
 -2.6310585e+00
  1.6319268e+00
  2.0362601e-01
  1.7745999e+00
 -5.1637965e-01
 -2.9308226e+00
  1.7983270e+00
 -9.6389669e-01
 -5.7510197e-01
 -7.2099501e-01
  7.5381666e-01
 -2.2472229e+00
  1.4230181e+00
 -5.5843383e-01
 -7.6979971e-01
  2.5168378e-02
 -5.6612468e-01
 -6.4224321e-01
 -5.4998577e-01
 -2.4346232e-03
 -3.7015072e-01
  1.8719602e+00
 -2.4986846e+00
 -1.7276973e+00
  1.5500720e+00
  6.0705233e-01
 -6.0579455e-01
 -1.5500518e+00
  1.3366129e-01
  9.3324965e-01
  1.2396814e+00
  2.2397842e+00
 -7.3988998e-01
  1.4054465e-01
  8.4376627e-01
 -1.5402812e-01
  2.3358011e-01
 -9.0749538e-01
  8.8414127e-01
  8.3551592e-01
  2.0311508e-01
  1.3763080e+00
  1.4211640e+00
 -3.6882657e-01
 -1.5115812e-01
 -6.9503921e-01
  4.7115347e-01
 -6.9625717e-01
 -2.1504764e-01
 -5.1977891e-02
 -5.0004566e-01
  1.5537082e-01
 -1.0216119e+00
  1.6366361e-01
 -2.7357560e-01
 -2.8849408e-01
  1.3505757e+00
 -2.2743597e+00
  1.0978161e+00
 -2.2481575e+00
 -2.6080894e+00
  7.4416584e-01
  6.8777364e-01
 -1.9992729e-01
  9.3107319e-01
 -3.5961468e+00
  2.9805467e+00
  1.0386766e+00
 -1.4664847e+00
  2.2528558e+00
 -2.0050085e+00
 -1.7845348e+00
 -1.0079763e+00
  3.3048794e-02
 -2.4885223e+00
 -2.6235151e+00
 -7.2910607e-01
 -6.7952192e-01
 -2.7379745e-01
 -1.6861166e+00
 -2.1241219e+00
  5.0504386e-01
 -4.6981755e-01
 -3.2819024e-01
  1.4477674e+00
 -1.6470369e-02
 -2.0057507e-01
 -7.8619367e-01
  4.3991384e-01
  7.0288223e-01
 -1.2247524e+00
  4.6961081e-01
  6.3605690e-01
 -3.2073539e-02
 -7.6025468e-01
 -4.6726403e-01
  1.2161623e-02
  1.4285530e+00
 -1.0631713e+00
 -9.1210037e-01
 -2.1061996e-01
 -1.2096195e-03
 -7.3937170e-02
 -6.5869725e-01
 -3.0502942e-01
  4.5592827e-01
 -1.1096433e+00
  7.9811347e-01
  1.3370557e-01
 -2.9768482e-01
  1.2476952e-01
 -5.6891179e-01
 -1.4738311e+00
 -7.7538425e-01
 -1.3319111e+00
 -1.7211418e-01
  1.7537963e-02
 -3.5396770e-01
 -9.8303145e-01
  9.4160128e-01
  8.8099408e-01
  4.7894222e-01
  7.9892081e-01
  1.9968100e-01
  5.4546274e-02
 -1.0069261e+00
  7.3323584e-01
 -1.9630603e-02
 -1.2766238e+00
 -2.7690598e-01
 -4.5810938e-01
  6.4313389e-02
 -3.7384456e-01
 -5.5060510e-02
 -2.2453341e-01
  4.1783333e-01
 -2.6521680e-01
 -1.5336105e+00
  4.2381918e-01
 -9.2463559e-01
 -4.3742210e-01
  4.9079400e-01
  9.6856499e-01
  1.0452003e+00
  1.7915798e+00
 -8.2504642e-01
 -9.7013175e-01
  1.0824965e+00
 -4.3940507e-02
 -2.1757519e+00
 -9.1177380e-01
 -1.9380645e-01
 -1.9225258e-02
  1.6237055e+00
 -2.4282267e+00
 -5.7823873e-01
 -1.6167110e-02
  1.0711813e+00
  2.3088856e-01
  3.3322129e-01
  3.7879352e-02
 -1.3615279e+00
  8.2572073e-01
 -2.4757457e-01
  6.0870254e-01
 -4.6908709e-01
 -8.1169695e-01
  1.1932132e-01
 -1.5771890e-01
 -6.6269135e-01
 -3.4242123e-01
  1.5928409e+00
  1.8764249e+00
  6.7525971e-01
 -1.4675225e+00
  2.9973855e-02
 -5.6122005e-01
  1.0804346e+00
  8.5510463e-01
 -4.9920645e-01
 -8.6286366e-01
  1.7506070e+00
  1.8745586e-02
  6.6209316e-01
 -1.2987708e+00
  1.5900978e-01
 -8.5073268e-01
 -1.5731318e-01
  4.5828766e-01
  6.3336289e-01
  3.3219105e-01
  2.8589034e-01
  5.2118844e-01
 -1.0910366e+00
 -2.9921395e-01
  3.3112290e+00
  8.6094880e-01
 -8.8534361e-01
 -1.2751122e+00
  2.6881754e-01
 -2.1780024e+00
  1.6106234e-01
  1.6079286e+00
 -5.8436799e-01
  1.2392216e-01
 -2.9574876e+00
 -1.8249573e-01
 -2.8991672e-01
 -6.0665858e-01
 -1.7272341e+00
 -2.4453829e-01
 -9.3109745e-01
 -2.9045682e+00
 -3.1575191e-01
 -5.3790146e-01
  1.1982694e+00
 -5.3824830e-01
 -3.0637535e-01
 -7.7627361e-01
 -2.7503493e+00
 -2.6921949e-01
  9.0078712e-01
  1.1161399e+00
 -3.5924131e-01
 -2.3690395e-02
 -1.0043648e+00
 -8.9471996e-01
 -7.3323584e-01
 -5.6098003e-02
 -1.3010066e+00
  1.0920087e+00
  4.9559644e-01
  1.6192195e+00
 -9.9893034e-01
 -1.5016552e+00
  1.8967764e+00
  6.3054927e-02
 -5.0594985e-01
 -3.8501504e-01
  1.0390686e+00
 -2.7409637e-01
  1.2801182e-01
 -1.7347124e-01
 -1.5818030e+00
  2.3537448e-02
  1.3606508e+00
 -1.0494615e+00
  8.6496484e-01
  3.3611020e-01
 -2.7527378e+00
 -4.8439339e-01
 -8.0597520e-01
 -1.2626915e+00
 -1.0067004e+00
  9.6740508e-01
 -2.7526638e-01
  1.2173113e-01
 -4.9247095e-01
 -6.0672331e-01
  3.6260185e-01
 -3.0902648e-02
  1.9279871e+00
 -3.3942917e-01
  2.0435598e-01
  1.2353102e+00
  1.1218622e+00
  2.2540605e-01
 -3.7215548e+00
 -1.8688982e+00
  6.4595781e-02
 -2.5201206e+00
  9.9337840e-01
  3.4604761e-01
 -1.1140664e-01
 -2.1948173e+00
 -2.1845176e+00
  5.6550390e-01
 -1.0198032e+00
 -3.9185148e-01
 -8.6815536e-01
 -1.3318707e+00
 -1.2393060e-01
  5.5861902e-01
 -1.0108794e+00
  3.6105394e-01
 -1.0943259e+00
 -5.2059621e-01
  1.6670350e+00
  2.8787680e+00
 -1.3573843e-01
 -2.6389403e+00
  1.7834790e+00
  3.1173083e-01
  5.6635958e-01
 -3.4176624e-01
  4.6207738e-01
  1.0648793e+00
  7.2445667e-01
 -7.7696793e-02
 -1.0112461e+00
  1.1825708e-01
 -9.0621680e-01
  1.9951658e+00
  1.8008580e+00
  9.7802061e-01
  2.1189978e+00
 -8.1350708e+00
  4.5609228e-02
  2.3222433e-01
 -2.4221137e+00
 -2.8565052e-01
  2.7775779e+00
  1.3443892e+00
 -6.2153757e-01
 -2.3174913e+00
  1.6357346e+00
 -1.3933125e+00
  1.4698099e+00
 -2.2057603e-01
  1.1108160e+00
  1.9936930e-01
  6.9773781e-01
 -4.8550361e-01
 -6.8840867e-01
  9.7222500e-02
  2.0018477e+00
 -4.9248725e-01
 -7.1350682e-01
  7.5077713e-01
  3.8349676e+00
  2.2729540e-01
  1.4491478e+00
  5.6241131e-01
  2.6619184e-01
  5.6350523e-01
  2.6362271e+00
 -1.2991583e-01
  2.9993994e+00
  8.8948023e-01
 -3.1310551e+00
 -1.4868509e+00
  2.2315035e+00
 -2.0442462e+00
  5.4016811e-01
  7.4320257e-01
 -2.3537970e+00
 -1.7017851e+00
 -1.5071676e+00
  1.3010025e+00
 -1.8414223e+00
 -2.1277669e-01
  1.1148826e+00
 -5.9216291e-01
 -5.6622219e-01
 -3.4127602e-01
  9.3252003e-01
  9.4487548e-01
 -1.0651761e+00
  1.9181634e-01
 -2.6580775e+00
 -7.8130588e-02
  1.3235428e+00
 -1.6970287e-01
  1.8785568e-02
 -2.4788766e-01
 -3.4440863e-01
  5.6085187e-01
 -1.4740156e-01
  1.5150569e-01
 -1.7780912e+00
 -2.4641757e+00
  1.6540136e+00
  3.6789599e-01
 -1.9800448e+00
  1.0476037e+00
 -6.9283235e-01
  1.1286117e+00
  1.9489925e+00
 -2.4186354e+00
  2.0596625e-01
 -1.3651530e+00
  1.7321494e+00
  3.2804746e-02
  1.3963785e+00
 -2.2434999e-01
 -8.7850887e-01
  1.6728287e+00
  1.6791929e+00
 -3.0731234e-01
 -1.0353577e+00
  4.2304000e-01
  6.1024451e-01
  3.1416529e-01
 -1.0701850e-01
  1.7681160e+00
 -7.5741106e-01
 -8.6726171e-01
 -2.1245642e+00
 -1.1921686e-01
  7.1864510e-01
 -1.1104281e+00
 -1.9396132e-01
 -6.1134869e-01
  5.8849707e-02
  1.0957251e+00
 -5.1231623e-01
  1.0010939e+00
 -3.9507098e+00
  1.3000957e+00
  1.1132710e+00
 -4.5950785e-01
 -8.6611795e-01
 -2.7639440e-01
  2.7319428e-01
  1.7711842e+00
 -2.1541281e+00
 -8.4577531e-01
 -6.4777720e-01
  8.1338716e-01
  1.1291755e+00
 -2.7091935e-01
 -2.8638413e+00
  2.3986192e+00
 -1.3042082e-01
  8.8503957e-02
 -6.0312188e-01
  2.3993014e-01
 -2.1301765e+00
 -3.5172990e-01
  5.6572157e-01
 -9.7751778e-01
  9.5652044e-01
  3.3156097e+00
  1.2939568e+00
 -9.4468850e-01
  7.9948288e-01
 -8.7897813e-01
 -4.2980373e-01
 -6.2975246e-01
 -7.1778274e-01
 -3.4065925e-02
  1.8705396e-02
  4.0348587e+00
  1.0473876e+00
  3.4969601e-01
 -9.7658771e-01
 -3.5139091e+00
 -1.1342763e+00
  8.3023328e-01
  2.2889993e+00
 -4.1918411e+00
  2.6643932e-01
  1.0831187e+00
 -7.4549764e-01
  4.2331886e+00
 -9.4646829e-01
 -6.0975969e-01
  2.2708597e+00
 -8.0785833e-02
 -9.4713286e-02
  1.6849083e+00
  9.5818174e-01
  5.4424815e-02
 -1.6922214e+00
  1.7339836e+00
 -1.5560950e+00
 -3.7295425e-01
  3.8776124e+00
 -6.4256405e-03
  1.1870743e+00
  1.6064842e-01
 -2.3245475e-01
 -2.8215734e-02
 -9.9711788e-01
 -4.5557582e-01
 -2.5770841e+00
 -1.6946654e+00
 -2.9855904e-01
 -2.9072962e+00
  2.7976539e+00
 -1.0609780e-01
 -4.1377243e-01
 -1.6736922e+00
 -9.0202075e-01
  3.6821333e-01
  4.7136655e-01
  1.3388636e+00
  6.1506051e-01
 -4.2625833e-01
  4.8738086e-01
 -4.6668196e-01
  1.6541936e+00
  1.1439127e+00
 -2.7623212e+00
 -2.2655612e-01
 -1.2278459e+00
  6.7298919e-02
  1.5619954e+00
  1.6946602e+00
  7.0863402e-01
  1.7020631e+00
  2.4097660e-01
  8.1109631e-01
  4.6752739e-01
 -1.8872502e+00
  7.7577108e-01
 -9.5298201e-02
  1.1170796e+00
  2.5297487e-01
 -7.0507175e-01
 -1.7204787e+00
 -2.3009474e+00
  2.4757713e-01
 -1.2687044e+00
 -3.6240667e-01
  1.4841925e+00
 -8.9871401e-01
  3.6444584e-01
 -1.7723249e-01
  9.1047430e-01
  8.7346143e-01
  4.9471647e-01
  3.1325529e+00
 -1.3253384e+00
 -1.7691238e+00
 -6.1727703e-02
 -1.6598338e+00
  2.2562788e+00
 -2.0329709e+00
  1.0057247e-01
  1.5589800e+00
 -6.1385471e-01
  8.9544547e-01
 -5.3321909e-02
 -3.4878535e+00
 -4.5099010e+00
 -4.2440152e-01
 -4.5366398e-01
 -1.2863837e+00
  1.3912386e-01
  4.9347448e-01
 -3.2706428e-02
  4.9619359e-01
  3.4027743e-01
 -8.1069905e-01
 -8.4052867e-01
  2.3056051e-01
  2.5072598e+00
  7.7282137e-01
  3.6652751e-02
  1.5916017e+00
  2.4391894e+00
 -2.5410709e+00
  1.0900370e+00
 -2.7119601e-01
  3.1437809e+00
 -5.1967382e+00
  1.0585347e+00
  7.3715204e-01
 -3.7420666e-01
  8.6865950e-01
  2.8364933e-01
  3.5921744e-01
 -3.6209473e-01
 -4.7029749e-02
  1.0814259e+00
  1.4043666e+00
 -1.2727181e+00
 -1.3120183e+00
  1.0878816e+00
 -2.3349586e+00
 -1.7569020e+00
  8.9352228e-02
 -5.1014751e-01
  7.6572597e-01
  1.0459267e-02
  2.2314820e+00
  5.5270386e-01
 -1.2318676e+00
 -3.4439179e-01
 -2.3334165e-01
  5.0065279e-01
 -1.7211064e+00
  2.5585370e-02
 -2.0472684e+00
 -1.8425775e+00
  2.4166975e+00
  2.3417227e+00
  3.0519202e-01
  1.5666879e+00
  4.1785881e-01
 -2.0798714e+00
  1.0639808e+00
 -1.3900052e-01
 -4.6141106e-01
  6.9648957e-01
 -3.1267812e+00
  1.9743330e+00
  1.7839633e+00
 -2.4798179e+00
 -1.9583517e+00
 -1.5270449e-01
  6.7115414e-01
 -1.1011779e-01
 -7.4066907e-01
 -1.5963514e+00
  1.7561719e+00
  4.1523644e-01
 -8.4579021e-02
  6.2821126e-01
  7.0127890e-02
  3.4532970e-01
 -1.1885010e-01
  2.7952048e-01
  1.0005517e+00
  2.2530393e-01
 -1.0336252e+00
 -2.7344266e-01
 -2.0260143e+00
  4.0665406e-01
 -2.3357136e+00
 -4.5249727e-01
 -1.0444849e+00
  3.7650493e-01
  5.1340759e-01
 -3.8137093e-01
  2.4873611e-01
  5.2158237e-01
 -4.9412924e-01
 -3.7463763e-01
  7.9363930e-01
  1.7313950e+00
 -8.5604042e-02
  6.5115511e-02
 -6.8127736e-02
 -2.6047871e+00
 -2.3464508e+00
 -7.2014529e-01
  7.6554024e-01
  1.3162804e+00
  2.2867322e+00
 -8.9456844e-01
  7.1903720e-02
 -4.5902315e-01
 -5.9477580e-01
 -2.7296606e-01
  3.3411404e-01
  8.1527466e-01
  3.4637991e-01
  5.4690593e-01
  4.5599174e-01
  1.1581323e+00
 -3.7111166e-01
  2.1777813e-01
 -5.4195243e-01
 -2.3493199e-01
 -1.7568010e+00
 -7.9919839e-01
  1.0807122e+00
  2.5866892e+00
  3.5052829e+00
  3.6259285e-01
 -2.6496775e+00
  9.0214074e-02
  1.4860623e+00
 -1.3815528e+00
  5.0944442e-01
  1.4429293e+00
 -1.2249815e+00
  7.2319098e-02
  1.7422797e-02
 -1.0237203e+00
  1.4276395e+00
  1.3328390e+00
  1.5668634e+00
 -6.9606018e-01
  1.8424212e+00
  1.2915465e+00
  6.1266012e-02
  1.2116063e+00
 -3.9536062e-01
 -3.8875020e-01
 -1.4809234e-01
  1.0763540e-01
  9.6198636e-01
  9.4068271e-01
 -2.3530645e+00
 -7.8086835e-01
 -2.0491488e+00
 -1.3863212e+00
  4.8603407e-01
 -1.8627927e+00
  8.1467855e-01
  8.0775648e-01
  1.0084307e+00
 -3.3474502e-01
 -1.3531023e+00
 -2.2981589e+00
  7.0358056e-01
  2.9166358e+00
 -3.8746113e-01
 -8.8731200e-01
  2.0608036e-01
 -5.3054273e-01
 -2.6586166e-02
 -1.3153913e+00
 -7.1587229e-01
 -5.8463484e-01
  4.1330047e+00
  8.8754863e-01
  5.0138521e-01
 -1.6538974e+00
 -1.1311684e+00
  3.9803684e-02
 -9.5715284e-01
  6.0649997e-01
 -2.1521215e-01
 -1.1048245e+00
  1.6071917e-01
  3.8801360e-01
  3.2112321e-01
 -5.4331559e-01
 -2.3090284e+00
  2.9959968e-01
  5.8475000e-01
 -2.8324786e-01
  3.6350888e-01
  6.9439596e-01
  1.4735835e+00
 -1.1524600e+00
  1.3342196e+00
 -4.0707797e-01
  1.8752248e+00
  9.6575034e-01
 -1.4587137e+00
  3.1334904e-01
 -2.2041775e-01
  1.1859035e+00
  1.1327971e+00
 -4.7039121e-01
  6.5836275e-01
 -5.5146784e-01
  4.1581410e-01
 -1.1913401e+00
 -4.8933879e-01
  2.5776592e-01
 -2.2244477e+00
 -5.5606937e-01
 -5.7945812e-01
 -1.4545057e+00
 -5.7873452e-01
  1.7814437e-01
 -8.4336710e-01
  3.5361084e-01
 -5.7776358e-02
  1.2194872e+00
  6.1081028e-01
 -1.9063474e+00
  2.1786361e-04
 -2.0297716e+00
 -1.3100297e+00
  8.0230701e-01
  1.1230855e+00
 -7.7745038e-01
  3.3740938e-02
 -2.4019904e+00
 -2.1137999e-02
  1.3585694e+00
 -1.7680684e+00
  9.1730282e-02
 -3.9496565e-01
 -5.5532534e-02
 -3.7370121e+00
 -1.5312511e-01
  2.4524205e+00
 -2.3112707e+00
  1.6998545e+00
  7.9968137e-01
  6.5939260e-01
 -6.5088159e-01
 -1.0696191e+00
 -5.0372458e-01
 -6.4177126e-01
  1.3505216e-01
  2.2964625e+00
  2.8794713e-02
 -4.3011704e-01
 -2.0297784e-01
  9.9779558e-01
  4.9758279e-01
  1.2879218e-01
  6.3630737e-02
  1.4358428e-01
  5.9376198e-01
 -1.8059819e+00
 -1.0302010e+00
 -7.8215706e-01
  1.9250672e-01
  7.5051004e-01
  6.8283135e-01
  2.8251460e+00
  3.0675912e+00
 -6.5353203e-01
 -1.0054086e+00
  3.6881545e-01
 -4.9498413e-02
 -1.3033435e+00
 -6.8394713e-02
 -4.4693676e-01
  7.3805618e-01
 -3.8661647e-01
  5.0859618e-01
 -3.4252908e-02
  7.5486970e-01
  8.5288179e-01
  4.2740878e-01
 -8.1711829e-01
  1.2776705e+00
  6.7996355e-03
 -2.6401895e-01
  4.9328199e-01
  6.6463125e-01
 -3.2867834e-01
 -9.8079962e-01
  2.3220566e-01
  1.0313802e+00
 -1.9308347e+00
 -1.3179059e+00
 -3.3134308e+00
 -3.1331956e+00
  2.2224216e+00
 -1.8609275e+00
  6.2765516e-02
  1.3312310e-01
  2.0070484e+00
  1.7552093e+00
 -4.8167375e-01
  1.2344761e+00
 -1.7276570e+00
  3.0746073e-01
 -7.4505806e-01
  1.2492907e+00
 -1.5696157e+00
 -1.0093837e+00
  3.5328531e-01
  1.2964215e+00
 -2.8495517e+00
  1.1620475e-02
 -8.7262136e-01
 -7.7268499e-01
 -1.5205160e+00
 -1.8908498e+00
  9.7511297e-01
  1.7235243e-01
  5.0366455e-01
 -3.8042095e-01
  2.2730105e+00
  4.9044970e-01
 -3.4160495e-02
  4.6427447e-01
 -4.8158598e+00
 -2.2685971e+00
 -2.2310755e+00
 -6.5429401e-01
  1.1045346e+00
 -1.2757064e+00
 -4.2561016e+00
  7.1837201e+00
 -1.3085723e+00
  1.5571761e-01
  1.9152950e+00
  1.0370438e+00
 -1.1237639e-01
  2.4457402e+00
  1.2884943e+00
  2.3895586e+00
 -1.1556381e+00
  2.4938149e+00
  1.2577469e+00
  1.2108047e+00
  1.6415112e+00
 -1.5651141e+00
  7.0544702e-01
  3.1874118e+00
 -1.5265562e-01
  5.0928158e-01
 -9.2195231e-01
 -1.1908816e+00
 -1.0451424e+00
 -2.4260266e+00
  4.2496525e-02
  7.1086907e-01
 -8.0826259e-01
 -2.6607451e-01
  8.9848167e-01
 -8.9747888e-01
  1.2524358e+00
 -3.0458197e-01
 -1.2175423e+00
  1.1306868e+00
  1.3168839e+00
  1.0703490e+00
  4.6237204e-03
 -6.6555774e-01
  1.2652144e+00
 -5.8426493e-01
  8.1070073e-02
 -7.5608999e-01
 -3.1092292e-01
  5.7168061e-01
  3.5579658e-01
 -4.0383360e-01
  5.3719872e-01
 -3.2936338e-01
  2.8858668e-01
  9.0684158e-01
 -4.0163937e-01
 -6.7002259e-02
 -2.1773137e-01
 -7.0631599e-01
  1.1840063e-01
  1.8348752e-01
  6.8905693e-01
  3.6779639e-01
  1.1046686e-01
 -6.6155356e-01
 -3.8558486e-01
 -2.8537443e-01
 -4.4784102e-01
 -4.1038835e-01
  3.1076922e+00
  7.3031080e-01
 -1.0869473e+00
  1.7879751e+00
 -2.5443467e-01
  4.2426327e-01
 -1.0445559e+00
  2.8052144e+00
 -8.4916234e-01
  3.4281284e-01
 -4.3266940e-01
  2.6801562e+00
  1.8665329e-01
  5.4806054e-01
 -8.4094393e-01
 -4.7087756e-01
  7.6199877e-01
  1.8195605e+00
 -1.1529818e+00
 -3.1523786e-02
  7.8913784e-01
  8.3516896e-01
  4.6819687e-02
 -8.1014526e-01
 -1.2973357e+00
 -2.3364110e-01
 -1.6734852e+00
 -1.9223572e+00
 -4.8425877e-01
 -1.3333605e-01
  1.7512997e+00
  1.6321650e+00
  5.5581540e-01
  1.0741270e+00
  1.6278996e+00
 -2.3521876e+00
  1.7899293e+00
 -2.3609157e+00
 -1.7934026e+00
 -7.4773365e-01
  1.2232877e+00
  1.6504635e-01
  5.6958169e-01
 -1.0897700e+00
  3.7267256e-01
  3.5008862e+00
 -3.5301919e+00
 -1.0477815e+00
  6.3849998e-01
 -4.6958914e-01
 -4.8156917e-01
  5.1932615e-01
 -1.4280708e+00
 -3.7430620e-01
  3.3344507e-02
  6.8907505e-01
 -2.1876752e-01
 -5.0043499e-01
  1.4506800e+00
  6.7221653e-01
 -4.9752722e+00
  2.1094162e+00
  5.8627286e+00
  5.7940555e-01
  2.8512335e-01
 -1.5294614e-02
  3.5054359e-01
  2.9105130e-01
  3.1422985e-01
 -1.8597193e-01
  3.6628199e+00
  5.3130937e-01
 -2.4847066e+00
 -3.5241291e-01
  1.2256224e+00
 -2.1009812e+00
  7.1494120e-01
 -1.6913009e+00
  7.0008713e-01
  1.5231178e+00
  2.7831538e+00
 -5.4735661e-01
 -2.6124021e-01
 -6.3168573e-01
  1.1214569e-01
 -1.4750508e+00
 -1.5864320e+00
 -9.0068829e-01
  3.1211581e+00
  8.8915086e-01
  1.0619364e+00
 -1.5460509e+00
 -1.4725832e+00
 -6.4649945e-01
  1.6217472e-02
 -8.7637790e-02
  9.8039472e-01
 -1.0773669e+00
  1.3227120e-01
  6.1953300e-01
 -9.4714612e-01
 -1.0058368e+00
  1.3432326e+00
  4.8556811e-01
 -4.9851004e-02
 -1.4673436e+00
 -3.0556884e+00
  5.3006411e-01
 -1.9538871e+00
  1.1444167e+00
  1.8302889e+00
  2.6853776e+00
 -1.5710433e+00
 -7.2462782e-02
  3.5129320e-02
  2.3894258e+00
 -2.0796974e+00
 -3.0210302e+00
 -4.8289520e-01
 -8.2049286e-01
  4.4754272e+00
 -1.9907179e+00
 -2.0012954e-02
  1.4676255e+00
 -4.2074189e-01
  1.0797566e+00
 -1.4672914e+00
 -1.2138813e+00
  2.1324823e+00
  5.3928744e-02
 -3.9340832e+00
  3.6944976e+00
 -3.1484011e-01
  2.4981227e+00
  2.1203768e+00
  1.0704795e+00
 -8.3939892e-01
  1.3060991e+00
 -4.1414961e-01
 -1.5922443e+00
  1.4405949e+00
  1.3688927e+00
 -3.5325310e+00
 -2.3219435e+00
  2.0626295e+00
 -1.3228453e+00
 -1.9279961e-01
  8.8330168e-01
 -2.5409442e-01
 -4.0168488e-01
 -3.5301569e-01
 -4.8433959e-01
  7.9193377e-01
  8.0247927e-01
 -3.4387058e-01
  8.5480732e-01
  9.2335862e-01
 -9.3323410e-01
 -1.3463014e-01
  1.2837902e+00
 -5.9319961e-01
 -7.9519182e-01
  2.8451109e-01
  5.8227885e-01
  2.9480192e-01
  2.7503021e+00
 -6.5508783e-01
 -9.2933315e-01
 -4.0048125e-01
 -4.0209216e-01
  5.6381732e-02
 -1.2353700e+00
 -1.3123430e+00
  5.8902860e-02
 -3.7029213e-01
 -1.6326885e+00
 -2.2637923e-01
  6.2286741e-01
  6.1695826e-01
  3.0244946e-01
  6.3245380e-01
 -1.4966480e-01
  1.5450113e+00
 -1.0200626e-01
 -1.4596466e+00
  3.8225067e-01
 -2.1737359e+00
  1.0056183e+00
  2.3466608e-01
 -2.4426386e-02
  3.3019504e-01
 -9.0382332e-01
 -6.4960343e-01
  6.9110292e-01
 -6.7696130e-01
  8.2034820e-01
  1.2982004e+00
  1.2598038e+00
 -7.4939787e-01
 -7.0831221e-01
 -2.5278695e+00
  1.4375724e-01
 -3.0824763e-01
  6.8450429e-02
 -4.0667859e-01
  7.2619963e-01
  3.6855122e-01
  7.3712009e-01
 -8.1369266e-02
 -1.7807770e+00
 -3.6590445e+00
  7.5204527e-01
 -9.7894186e-01
  4.5910329e-01
  1.8544854e+00
  5.7383180e-01
  2.1356065e+00
 -2.4216702e+00
 -4.7101149e-01
  7.3606199e-01
  2.4225068e-01
  1.1151141e+00
 -7.1077603e-01
  4.7988147e-02
  1.2488326e+00
  9.7903296e-02
  4.3944321e+00
 -1.5842910e+00
  2.3451421e+00
 -2.2488487e+00
  1.3283321e+00
  2.0216649e+00
  4.1490316e-01
  8.6550361e-01
  2.1382175e-01
  1.1904534e+00
  1.7149258e+00
  8.2037175e-01
  2.8024337e-01
 -4.2298418e-01
  6.5626793e-02
  8.0900353e-01
  9.6447214e-02
  2.4553646e-01
 -3.1527025e-01
  1.4588604e+00
  1.1500096e+00
 -2.6821835e+00
 -1.2169100e-01
 -1.8732158e+00
  3.6175838e+00
 -4.8287743e-01
 -2.5358720e-02
  1.1864986e-01
  6.3842702e-01
 -1.5907162e+00
 -2.3117645e+00
 -5.9931749e-01
  1.4841758e-01
  1.0836371e-01
 -3.8139480e-01
  1.1056643e+00
  4.3678880e-01
  1.7699124e+00
 -9.1159284e-02
 -1.9872768e+00
  2.3279631e+00
 -1.1524723e+00
  8.7636030e-01
 -9.8338312e-01
 -9.5958543e-01
  1.3606879e+00
  1.8800224e+00
  7.4673694e-01
  6.0381019e-01
 -1.1137911e+00
  1.1963879e-01
  1.6195613e-01
  1.0645522e+00
 -8.1769615e-01
  6.3960323e+00
  1.2677091e-01
 -1.4997931e+00
 -5.1652861e-01
 -1.8775867e+00
  4.5341835e+00
  3.4429106e-01
 -1.1419667e+00
 -1.7572059e-01
 -3.9468005e+00
  7.1162248e-01
  1.3241478e+00
 -3.1829665e+00
 -9.5838058e-01
 -2.1365247e+00
  1.4690200e+00
 -1.5839889e+00
 -1.2445321e+00
 -1.4911193e+00
 -1.5190537e+00
  1.8366255e-02
 -1.7796073e+00
  2.2127049e-02
 -2.8120625e+00
 -1.6954927e+00
 -2.1043632e+00
 -1.2452694e+00
  1.3577077e+00
 -3.6348301e-01
 -2.7859965e-01
  7.3379105e-01
 -2.0359476e-01
 -9.0618968e-02
  5.9476709e-01
  1.2109755e+00
 -1.6171305e+00
 -2.6246157e+00
 -1.5725635e+00
 -2.6502635e+00
  2.0535481e+00
 -1.2227502e-01
 -7.1321750e-01
  9.4774175e-01
 -1.4886169e-01
 -4.9492753e-01
  1.1085817e+00
 -1.3218184e+00
  3.9844863e+00
 -1.7227295e-01
 -1.4446245e+00
  1.2475314e+00
  3.2678476e-01
  1.5478375e+00
 -7.3929918e-01
  3.5255119e-01
  3.2849309e-01
  6.9604814e-02
  3.8106367e-01
  1.5448219e+00
 -2.5865629e-01
  7.4089611e-01
  5.5712640e-01
  8.0536193e-01
  2.6908639e-01
  8.5095346e-01
  5.6187230e-01
 -6.1129898e-01
  1.6159886e-01
  9.2662930e-01
 -1.7610645e-01
 -3.8025260e-01
  8.7179917e-01
  1.1316359e+00
  9.4839537e-01
 -1.5990793e+00
 -2.8321877e-01
  3.4696093e-01
  2.4491944e+00
 -8.6353226e-03
  3.5647216e-01
 -7.0573252e-01
  3.1056015e+00
  9.7967541e-01
  2.3412189e-01
  2.8168759e+00
 -1.3706282e+00
 -5.1005524e-01
 -1.4923337e+00
  4.2336413e-01
  5.5276996e-01
 -3.5852344e+00
  2.6623523e+00
  3.5697943e-01
  1.4849010e+00
 -1.0766059e+00
  3.1181102e+00
 -8.0050156e-02
 -5.4032791e-01
 -2.1971445e-01
 -9.7357541e-01
  7.7088967e-02
  4.9914685e-01
 -8.6756480e-01
  2.5156406e-01
 -1.2201758e-01
  1.7768034e+00
  1.4917512e+00
 -3.0726710e-02
 -2.0411494e+00
  2.2781901e+00
 -1.6784401e+00
 -3.3998895e+00
  5.7583231e-01
 -4.6216841e+00
 -2.0887499e+00
  3.3118613e+00
  4.0170703e+00
  1.1475956e+00
  9.6936280e-01
 -1.3524734e+00
  2.8798039e+00
  2.0037557e-01
  6.4542830e-01
 -5.1123321e-02
  2.2009568e+00
  2.1948559e+00
 -6.3477111e-01
  1.2394971e+00
 -1.3993958e+00
  9.9767745e-01
  8.1742728e-01
 -3.4591706e+00
 -5.0752574e-01
  1.2146989e+00
  6.7448318e-03
 -1.6500944e+00
 -6.0543513e-01
 -2.1024837e-01
 -6.9175291e-01
  7.8474635e-01
  5.0086588e-01
  1.2427260e+00
 -4.3721423e-01
 -1.5083259e+00
  2.5152986e+00
 -5.9716445e-01
 -6.2001985e-01
  3.2426333e-01
  1.1327335e+00
  1.6753833e-01
 -3.8410029e-01
  1.1975646e+00
 -1.0803350e+00
 -1.0345469e-01
 -1.6419102e+00
 -1.4616141e+00
  1.2674464e+00
 -6.3476217e-01
  1.3406402e+00
 -1.6737074e-01
  3.0165023e-01
  3.3113819e-01
  3.6084402e-01
  6.9331980e-01
 -5.5738080e-01
  2.1344550e+00
  4.0023100e-01
  2.1792262e+00
 -4.8448706e-01
  3.0820841e-01
 -1.4261190e+00
  1.1032084e+00
  7.9389012e-01
 -1.1661606e-01
  5.7097608e-01
 -4.6639338e+00
 -2.2296669e-01
  8.3688283e-01
 -9.1771609e-01
  7.3272711e-01
 -1.8047394e+00
 -1.2316546e+00
  7.8012180e-01
  1.9707390e+00
  9.6292371e-01
 -8.4956402e-01
  2.7482994e+00
  7.1301097e-01
  3.4247029e-01
 -3.8414910e-01
  2.1667200e-01
  1.0587846e+00
  1.6948624e+00
  8.2253873e-01
  2.0469445e-01
 -2.4580817e+00
  3.1031797e+00
  1.8404958e+00
  3.0460644e-01
 -4.8787665e-01
 -3.1878911e-02
 -2.1381679e+00
  2.0668283e+00
  1.9963971e-01
  1.3904333e+00
 -3.1614023e-01
  8.8108933e-01
 -1.9124402e+00
  2.5137379e+00
 -1.7191907e+00
 -9.4442660e-01
 -2.9953174e-02
  5.2140298e-04
  1.5459676e-01
 -4.5284644e-01
  2.5961590e+00
 -5.2497470e-01
 -3.2600894e+00
  4.7888738e-01
 -7.1837431e-01
 -5.3838360e-01
  1.9143068e+00
 -2.1035461e-02
 -5.3279418e-01
 -1.2884461e-02
 -3.4590080e-01
  3.8444709e-02
  2.2202948e-01
 -1.5221193e-01
  7.7610426e-02
  9.6061718e-01
  1.3011032e-01
 -9.4278836e-01
  1.5492051e+00
  2.3285563e+00
 -2.4677548e+00
  6.8595052e-01
  6.2735248e-01
 -6.5746564e-01
  6.7367578e-01
  2.5211582e-02
  1.5265651e-01
  1.6169237e+00
 -4.7546178e-01
 -2.5142795e-01
  6.5237436e+00
  6.6487736e-01
  3.8669726e-01
  1.0215260e+00
  1.0108864e+00
  2.2820499e+00
  2.6314476e+00
 -3.9162643e+00
 -1.7863035e-01
 -4.9431518e-01
  2.0952947e+00
  1.8309822e+00
  4.2520013e-01
 -5.3422093e-01
 -1.1548176e+00
  1.7672433e+00
  5.5257517e-01
 -1.5435218e+00
 -8.5417348e-01
  2.3931608e+00
  1.5283605e+00
 -2.6321886e+00
  7.2638053e-01
  5.0833791e-01
  8.1194931e-01
 -5.6494722e+00
  1.7069942e-01
  1.4599940e+00
 -8.7292440e-02
 -1.3677843e+00
 -3.9631134e-01
  1.4820808e+00
 -9.0928489e-01
 -3.4961334e-01
  1.4430095e+00
 -1.8462460e+00
 -3.2200637e+00
  1.7949301e+00
  3.1774420e-02
 -7.1165842e-01
  5.7521844e-01
  1.9674551e-01
 -5.3941169e+00
 -2.3952991e-01
  2.3543945e-01
 -1.0981053e+00
  4.3827453e+00
  1.3543370e-01
  6.7572117e-01
  4.0395367e-01
  4.1505103e+00
 -2.5564880e+00
  8.3382189e-01
  2.1217647e-01
 -2.9740129e+00
 -1.6567779e+00
  5.4360352e-02
  1.2593158e+00
  3.6139575e-01
  8.9908874e-01
  5.3597200e-01
  1.2466702e+00
  4.0639779e-01
  8.7870264e-01
 -1.7009684e-01
  3.8228941e-01
 -1.8550550e+00
 -3.5112992e-01
  6.1264676e-01
  6.3185012e-01
 -2.0744150e+00
 -6.5362370e-01
  1.8686630e+00
  1.2546180e-01
 -1.7946726e+00
  1.1064396e+00
  8.3566457e-01
 -1.4192286e-01
  2.9006655e+00
  2.2604308e+00
 -2.3346221e+00
 -5.4588777e-01
  6.8247402e-01
  1.6134182e+00
 -8.7583631e-01
 -4.2315462e-01
  4.0222123e-01
 -2.3049777e+00
  1.0117254e+00
 -2.7942672e-01
 -1.1450833e+00
 -1.6107811e+00
 -1.8373489e-01
 -1.2166520e+00
  7.5140268e-01
  4.4845495e-01
  5.2281003e-04
 -2.3807621e-01
 -2.8822976e-01
 -2.5581610e-01
  5.0434685e-01
  3.5855064e-01
 -3.7524406e-02
 -2.2983204e-01
 -1.3459954e-01
 -2.6909685e-01
 -3.6374874e+00
  1.4464303e+00
  5.5669504e-01
  2.0517719e+00
 -4.8928815e-01
  1.1360970e+00
 -1.2203075e+00
 -1.5057062e+00
  1.9302938e+00
  1.1502541e+00
 -1.4937682e+00
 -2.6764927e+00
  6.1884028e-01
 -7.0958936e-01
 -9.4469875e-01
  5.7063854e-01
 -5.1383829e-01
  4.0527898e-01
  8.6369401e-01
  6.4560586e-01
  2.7188761e+00
 -5.8847666e-02
  1.7485873e+00
  1.0434550e-02
  2.6364546e+00
 -1.4978346e+00
  4.8715451e-01
  2.7467385e-01
 -3.7814975e-01
  6.8192464e-01
  7.4036610e-01
 -5.2626705e-01
  3.2252666e-01
 -1.4306563e+00
 -1.9620161e-01
  3.8504323e-01
  1.0424985e+00
  3.8630852e-01
 -4.3484893e+00
 -3.8904458e-01
  3.0017850e+00
  2.5864902e+00
 -4.8860398e-01
  6.1306840e-01
 -3.7651122e+00
  3.1146770e+00
  1.0030916e+00
 -9.3301976e-01
  9.3166488e-01
  6.3567299e-01
 -3.2944176e+00
  3.1076515e-01
 -5.7348716e-01
 -6.1700523e-01
 -1.3113505e+00
 -8.0640149e-01
 -1.7699783e+00
 -6.3897413e-01
  1.0058187e+00
 -1.3392973e+00
  1.3825089e+00
  7.6844758e-01
 -9.1772176e-02
 -6.4616454e-01
  9.1627978e-02
  3.0731454e-01
  2.8031400e-01
  5.3001672e-01
  2.5641075e-01
 -5.4702740e+00
 -2.6957753e+00
 -2.2357447e+00
 -3.4089990e+00
  6.9870937e-01
 -4.0050535e+00
 -3.8213346e+00
 -1.0366184e+00
 -2.6999143e-01
  1.0302496e-01
 -8.5041100e-01
  2.3617027e+00
  2.9702768e+00
 -5.2493036e-01
  3.0290151e-01
 -8.6206633e-01
  3.5441883e+00
 -3.0354586e-01
  1.9780207e+00
  2.3017499e-01
  3.2821704e-02
  1.7033433e+00
 -6.1212432e-01
  1.3663641e-01
  1.7220218e+00
  1.3376780e+00
 -3.3260477e+00
 -1.9654799e-01
 -3.5420451e-01
 -2.3621421e+00
 -2.3797476e+00
  2.4448441e-02
  4.4073987e-01
  4.7837147e-01
  3.6356935e-01
 -1.0066364e+00
  2.2640835e-02
  1.0075370e+00
  1.6849597e+00
  2.6811068e+00
  7.4893898e-01
  7.5160182e-01
 -1.3131284e+00
 -1.3275652e-01
 -3.5661247e-01
 -6.6475463e-01
  4.2772412e+00
 -8.4497517e-01
 -4.1649556e+00
  2.7848589e-01
  1.0731695e+00
  1.9395256e+00
  2.3177440e-01
  4.5097882e-01
  1.1089014e+00
  4.3539649e-01
  5.9111923e-01
 -1.5667148e-01
 -9.5403200e-01
  1.9262270e+00
 -9.0012586e-01
 -9.8208356e-01
 -1.3541899e+00
  2.1122704e+00
  1.2248853e+00
  5.0323498e-01
 -7.0800078e-01
  7.7375650e-01
 -5.0256622e-01
  3.5364550e-01
 -5.1291370e-01
 -9.1517168e-01
  1.1151854e+00
  5.5446929e-01
 -5.9372437e-01
 -7.4090016e-01
 -1.2031254e+00
 -8.5191894e-01
 -2.0256869e-01
  6.3125737e-02
 -2.9200307e-01
  2.2228284e+00
 -6.6204911e-01
  1.3854368e+00
  1.2799890e-01
 -3.0230587e+00
  1.8913690e+00
 -2.9743317e-01
  1.5703113e+00
  2.4864567e-02
  2.6265123e+00
 -3.4745362e+00
  2.3399277e+00
  5.2436244e-01
 -8.5388225e-01
  1.2586340e-02
 -2.5434566e+00
 -5.6374836e-01
  3.6368672e-02
 -4.3875757e-01
  5.6145336e-02
 -5.6667244e-01
 -1.6902615e+00
  4.7437987e-01
 -9.6025485e-01
 -4.9317852e-01
 -1.0008980e+00
 -1.5908520e+00
  2.0989089e+00
  2.0657451e+00
 -9.4748974e-01
 -2.8425169e+00
 -2.2276233e-01
 -1.3559139e-01
 -1.2536348e+00
  9.0845543e-01
  8.5347056e-01
 -1.1209310e+00
  1.2126825e+00
  8.3748055e-01
  1.4261781e+00
 -2.0687349e+00
 -2.8261211e+00
  1.0448771e+00
  9.4294739e-01
  2.9051430e+00
 -3.0885334e+00
 -4.7222000e-01
 -4.5605008e-02
 -1.5464691e+00
  1.5698534e+00
 -1.3035903e+00
  3.8186389e-01
  2.4416369e-01
 -3.5084561e-01
 -4.6098533e-01
 -1.6485322e+00
 -4.9217057e-01
  8.3899513e-02
 -1.1943295e+00
  6.7674904e+00
  3.0598018e+00
 -5.2380049e-01
  2.9455060e-01
  5.9399879e-01
  9.2279762e-01
  1.1747438e+00
 -4.9480662e+00
 -1.9151789e-01
  1.5069021e+00
  4.1630583e+00
  1.7840204e+00
 -5.2615657e+00
 -4.4090489e-01
 -2.1967421e+00
  2.8728714e+00
 -1.2485938e+00
 -3.7191343e+00
  1.9350924e+00
 -1.4933450e+00
 -1.7642379e-01
 -2.0098462e+00
  4.1235670e-01
 -1.3615146e+00
 -4.2842865e-01
  1.5542624e+00
  1.1880080e+00
  3.2560331e-01
 -3.0919191e-01
 -2.0583017e+00
 -2.0083876e-01
 -2.1030826e-02
  3.6777741e-01
  5.8745044e-01
  6.8156093e-01
 -2.3922877e+00
 -1.6867160e+00
 -3.3501358e+00
 -1.6778417e+00
 -1.3899429e+00
 -4.4742930e-01
  2.5307429e+00
  2.4178166e+00
 -8.6308306e-01
 -1.0926391e+00
  3.4569472e-01
  5.3895903e+00
  2.4560356e-01
 -2.8924993e-01
  9.5522410e-01
 -2.4867449e+00
 -2.0150004e-02
 -2.6982683e-01
  1.0629042e+00
  3.4833295e+00
  2.2802167e-02
  5.1591657e-02
 -4.9482778e-01
  2.2574198e+00
 -1.8895310e+00
  4.4905710e+00
 -7.7541637e-01
  1.4052291e+00
 -1.7087366e-01
 -2.4556909e+00
  2.5646907e-01
 -3.7128207e-01
 -1.1189718e+00
 -1.3362195e+00
 -1.1508242e+00
 -1.4910206e+00
  2.0223821e-02
  4.0468273e-01
  7.9356325e-01
 -2.5670755e+00
 -6.5149449e-02
  1.0193686e-02
  2.0257432e+00
  9.4142698e-02
  7.0883137e-01
 -2.8401945e+00
  1.4216814e+00
 -1.2544822e+00
 -1.0629058e-01
 -1.9018692e-01
 -1.0136225e+00
 -8.4256041e-01
  6.1606348e-01
  1.3285898e+00
  3.3513460e-01
  8.3255643e-01
  8.1437320e-01
  6.4109409e-01
  6.6438866e-01
 -1.8668374e+00
  6.3913536e-01
 -3.4070101e-01
  2.2550111e-01
 -5.5282825e-01
 -6.5785342e-01
 -6.8361938e-01
  3.8303560e-01
 -1.0518174e+00
  2.1616879e-01
 -1.1506458e-01
  2.3141103e+00
  3.8085735e-01
 -1.3227489e+00
 -1.9926010e+00
 -1.3003069e+00
 -2.5611818e-01
 -3.7063501e+00
 -2.0529196e+00
  1.2188249e+00
 -1.1526208e+00
  2.1838531e+00
  9.9063504e-01
 -1.9426993e+00
 -1.9934026e+00
  1.2457801e+00
 -7.2737795e-01
  1.5322052e+00
  2.3018587e-01
  1.1891400e+00
  2.2523348e+00
  4.1446919e+00
  6.9803357e-01
 -3.5886344e-01
  8.8311237e-01
  4.3420251e-03
  2.0876685e-01
 -1.4982198e+00
  2.2929733e+00
  4.5019727e-02
 -7.8800517e-01
 -3.9971876e-01
  6.2267989e-01
  1.0853046e+00
 -1.9286713e-01
 -9.9178952e-01
 -3.2524779e-03
 -6.1499047e-01
  1.5549060e+00
 -6.8729496e-01
  9.2260581e-01
  1.3076320e+00
 -1.1097813e-01
  5.8939815e-01
  3.2971561e-02
 -3.1819563e-02
  2.2623605e-01
 -2.0902822e+00
 -1.4930481e+00
 -2.9876590e+00
 -1.9195749e-01
  8.2447410e-01
 -4.0807610e+00
 -2.3515862e-01
 -1.3998767e+00
 -8.0294085e-01
 -4.6261853e-01
 -8.5658610e-01
  9.2077613e-01
 -1.3500342e+00
 -2.0041809e+00
 -1.5633514e+00
 -1.5457654e+00
  2.1100178e-01
 -3.0397706e-02
 -4.0746343e-01
 -1.9361445e-01
 -8.6621106e-01
 -1.2707000e+00
 -5.0045366e+00
  1.9591205e+00
  3.8810606e+00
  1.3002928e+00
 -4.5684084e-01
 -1.2660425e+00
 -9.7857255e-01
  7.7539808e-01
 -2.4557559e+00
 -3.1887975e+00
 -1.3000609e+00
 -1.0735917e+00
  1.5182588e-01
 -1.3223457e+00
 -8.7021232e-01
 -1.4060234e+00
 -8.4775037e-01
 -3.0994391e+00
  2.6460319e+00
 -8.1137794e-01
  6.6549093e-01
  2.2005875e+00
 -2.5686440e+00
 -1.5987649e+00
 -1.5838853e+00
  5.4217253e-02
  2.0445054e+00
 -2.8612089e+00
  2.1338429e+00
 -1.8697295e+00
  3.9970073e-01
  2.1353866e-01
 -4.3739045e-01
  1.0839663e+00
  1.2630434e+00
 -6.5486270e-01
  6.0838509e-01
  4.6146816e-01
  4.9810174e-01
 -1.1225468e+00
 -1.0700479e+00
  5.7377261e-01
 -3.4092770e+00
  4.4050288e+00
  3.4586887e+00
 -5.4920143e-01
  2.4601892e-01
 -2.4336882e+00
  3.1271095e+00
  1.0868344e-01
 -5.9571832e-01
 -6.3580799e-01
  4.9383712e-01
  1.3475405e-01
  1.2239777e+00
  8.8452899e-01
  6.7661041e-01
 -1.0299698e+00
  1.3078837e+00
  1.5766227e+00
  1.5043215e+00
 -8.9540458e-01
 -9.4111717e-01
  9.4642347e-01
 -6.1219770e-01
  7.5588030e-01
 -2.3240917e+00
  5.0193131e-01
 -7.8668660e-01
  8.0944479e-02
 -3.0655578e-01
 -5.0713670e-01
  1.4204004e+00
 -2.3677564e+00
  2.5804603e+00
 -2.8753383e+00
  7.9451960e-01
  3.3277443e-01
  3.6119874e+00
  3.9441884e-01
 -5.5581097e-02
 -5.6647789e-01
  2.2052245e+00
  1.4125791e-01
 -3.3650277e+00
 -4.2965055e-01
 -3.8484773e-01
 -8.5494977e-01
 -2.5237558e+00
 -5.2094871e-01
 -9.7829193e-01
  9.0205401e-01
  5.4011147e-02
 -1.2189929e+00
 -2.0974824e+00
  5.2924675e-01
  2.7629409e+00
  4.7928545e-01
  1.3442450e+00
  1.1836785e+00
  7.4607503e-01
  9.0566170e-01
  1.4092223e-01
 -1.3134299e-01
  7.9146624e-01
  1.9523884e-01
 -6.6511720e-01
  3.8712318e+00
  2.6731298e+00
 -2.3166387e+00
  3.8770413e-01
 -2.0036228e-01
 -1.9715466e-01
 -1.6330879e+00
  1.8646559e+00
  3.8743645e-01
 -2.5447851e-01
  1.3835443e+00
 -1.6290469e+00
  1.4765244e+00
 -1.1370083e+00
 -1.2462882e-02
 -1.8386269e+00
  5.6553841e-01
  2.6612792e+00
 -7.9440415e-01
 -3.3360675e-01
 -6.7463231e-01
 -7.5883973e-01
  6.7752260e-01
 -2.5799865e-01
  1.7878883e+00
  1.2653786e+00
 -3.3501458e-01
 -6.5023243e-01
  1.8242852e-01
 -4.2046440e-01
  4.0260624e-02
  3.7487382e-01
  1.0544998e-01
  1.9825062e+00
 -4.5056912e-01
  1.1534424e-02
 -4.0789452e+00
 -1.9623734e+00
 -6.7646605e-01
  1.9494932e+00
  6.0333509e+00
 -3.6637273e+00
  2.9587533e+00
 -2.7553446e+00
 -1.1810375e+00
  1.2529719e+00
  4.8908451e-01
  1.9237069e+00
 -1.2557199e+00
 -1.8455603e+00
 -2.0241106e+00
  1.2122475e+00
  3.8763595e-01
 -1.0087645e-01
  1.4603261e+00
  1.9065981e+00
  4.7733460e-02
  2.1329989e+00
 -1.3322892e+00
  1.1934032e+00
 -9.1525221e-01
 -2.7377255e+00
 -9.6871066e-01
 -3.7755534e-01
 -1.5198489e+00
  8.1012160e-01
  8.6807543e-01
 -1.1266330e+00
  1.3346449e-01
 -2.4381065e-01
 -4.9772005e+00
 -3.9697185e-01
 -2.5900228e+00
 -7.9579510e-02
 -2.1405160e+00
 -8.1066507e-01
 -1.2629620e+00
 -2.2177842e+00
 -7.3380619e-01
  1.2984090e-01
 -3.6027350e+00
  7.4357903e-01
  3.5448344e+00
 -3.5253760e-01
 -8.6316752e-01
 -1.3067691e+00
 -1.5247155e+00
 -1.2702643e+00
 -3.0171257e-01
  3.6657002e+00
 -1.7617352e+00
 -7.0453972e-01
  6.0572946e-01
 -8.9683644e-02
  1.7820560e+00
  1.6894398e+00
 -2.6230130e+00
 -1.5919915e-01
  8.0718863e-01
 -1.8156241e+00
  5.2454150e-01
  8.3161622e-01
  4.4156715e-01
 -1.1067479e+00
  2.0375381e+00
 -6.2420022e-02
  1.6473316e+00
 -1.4006755e+00
 -8.5941893e-01
 -3.4762716e+00
 -5.5861026e-01
 -1.4019293e+00
 -1.0950217e+00
  3.9733517e-01
  9.3752092e-01
 -9.1634905e-01
  1.3264954e+00
  5.8275956e-01
 -1.9403424e+00
  5.0190043e-01
  8.2279712e-01
  1.8581317e-01
  1.1737791e+00
  8.8771391e-01
  2.5867200e+00
 -2.7160304e+00
  1.8546747e+00
 -1.5012283e+00
  6.1090171e-01
 -1.1156356e+00
  2.8170919e-01
 -6.2694854e-01
  5.6321758e-01
  5.0605547e-01
 -2.9872243e+00
  1.5074460e-01
  8.3777446e-01
  6.7018799e-02
 -8.8229936e-01
 -1.3132033e+00
 -5.2295828e+00
 -3.4366858e+00
  3.8224418e+00
  3.7261980e+00
  4.3404636e+00
  4.0618253e-01
 -1.2953271e+00
 -1.3880264e+00
  1.8466153e+00
 -1.6507993e+00
  1.4428047e+00
  1.1170919e+00
 -2.2469027e+00
  2.7244046e+00
 -6.0242778e-01
  4.8579329e-01
  1.9821898e+00
  2.1902316e+00
  7.0211010e+00
  3.7677193e+00
 -3.4375048e-01
  3.9043045e+00
  5.0211781e-01
  6.9452538e+00
 -2.7751911e-01
  9.3181449e-01
  3.2423255e+00
 -2.9336313e-02
 -8.1625772e-01
 -4.1881466e-01
 -3.9964011e-01
  2.7906387e+00
 -1.5190950e-01
 -1.1096404e+00
 -3.1476322e-01
 -1.2292211e+00
  9.5674914e-01
  1.9393185e+00
  8.1088156e-01
  1.6649598e+00
  4.3483961e-01
 -1.9836924e+00
  7.1713340e-01
  8.6939448e-01
 -9.0081088e-02
 -1.0052603e+00
 -1.5792463e+00
 -1.3980316e+00
  5.8423236e-02
 -2.9081565e-01
  5.8055502e-01
  1.0701993e+00
 -2.0924804e+00
 -1.3886796e+00
  9.6067703e-01
  2.2432952e+00
  2.5429285e+00
 -1.4131263e+00
 -1.1949686e+00
 -5.4787511e-01
 -1.7730327e-01
 -3.9623373e+00
 -1.2426828e+00
  3.6708668e-01
  7.5718239e-02
  1.9023509e-01
  1.4609215e-01
 -1.4240032e+00
  3.5907581e-01
  5.9784931e-01
 -5.3748536e-01
  7.6412761e-01
  2.1027272e+00
  1.4570556e+00
 -1.4596580e+00
  1.1167142e+00
  8.5654050e-01
  1.6049231e+00
  7.3957217e-01
 -3.8069799e+00
  2.0580277e+00
 -1.5174962e+00
  2.1955643e+00
  9.8604131e-01
 -2.6779871e+00
 -5.0751299e-01
 -1.6245371e+00
 -1.6808333e+00
  5.2474666e-02
 -2.2276981e+00
  3.6212971e+00
 -3.4681621e+00
 -1.0499352e+00
 -8.8679856e-01
  1.9559575e+00
  8.5879195e-01
  2.1279912e+00
 -1.7888458e+00
 -1.7617869e+00
  1.7919947e+00
  2.4867965e-01
  1.6107807e+00
  1.5892690e+00
  7.1684337e-01
  1.8673627e+00
 -8.3305800e-01
 -7.9366797e-01
 -1.3993040e+00
 -9.0796316e-01
  1.7194953e+00
  1.2644391e+00
 -4.4877896e-01
  1.1252000e+00
  7.7672368e-01
 -4.5748699e-02
  1.0662069e+00
 -4.3054715e-01
  1.0649854e+00
 -9.8606743e-02
 -6.3137934e-02
 -1.5695988e+00
  2.0440626e+00
 -1.2251168e+00
  2.3042423e-01
 -1.4836696e+00
  2.5126299e-01
  2.5734203e+00
  4.1753936e-01
  2.2509843e-01
  7.7691740e-01
  1.3467317e+00
 -4.7618302e-04
  7.3628682e-01
  2.5462899e+00
 -2.6207173e-01
 -3.7385416e-01
  9.0268147e-01
  7.6257068e-01
 -1.0481284e+00
  1.3452063e+00
 -5.1580554e-01
 -1.8618634e+00
 -1.6549512e+00
  1.5492227e-02
 -3.5965223e+00
 -1.0231609e+00
 -2.1863711e+00
 -2.5512528e-01
  2.0112091e-01
  7.6408148e-01
  2.8957236e-01
  1.2743634e+00
  2.5810078e-01
 -8.2805455e-01
  3.1021342e-01
  4.1107410e-01
  8.3419907e-01
  8.8169682e-01
  1.6457236e-01
  7.3623788e-01
 -8.9527458e-01
  1.1419938e-01
 -1.3920715e+00
  4.5169625e-01
  2.8934965e-01
  4.6574819e-01
  3.5356763e-01
  3.9580572e-01
 -1.4757361e-01
  2.7462747e+00
 -4.7257072e-01
  5.3144103e-01
 -3.5717458e-01
  5.8160675e-01
 -3.6404210e-01
 -7.1236700e-01
  1.3408965e+00
  5.4182750e-01
  1.5713518e+00
  2.9126480e-01
 -2.0672600e-01
 -7.4217188e-01
 -2.4509223e+00
  1.5397152e-01
 -6.8895423e-01
  1.1760345e-01
  3.0256844e-01
 -4.3395293e-01
 -1.4682689e-01
 -3.2843506e+00
 -6.3912517e-01
  2.6049590e-01
 -1.6785438e+00
 -4.4024438e-01
  5.6806093e-01
  5.9706968e-01
  2.6257256e-01
  5.9303254e-01
 -1.5813924e+00
 -7.1790141e-01
 -6.5252966e-01
  5.3625488e-01
  5.5694282e-01
  6.4219570e-01
 -6.1155474e-01
 -1.7835158e+00
 -1.8838547e+00
 -6.1894447e-01
 -4.6652794e-01
  6.7663234e-01
  3.2850501e-01
 -4.5018497e-01
 -7.4681544e-01
 -7.6643330e-01
 -2.5105020e-01
  3.3190945e-01
  8.4334189e-01
 -3.7701765e-01
 -7.0884687e-01
 -3.4455186e-01
  4.5294815e-01
 -4.1490260e-01
  2.8819931e+00
  2.4773882e-01
 -1.2147677e+00
  9.8059791e-01
 -9.4277751e-01
 -2.3374714e-01
 -2.9827597e+00
 -1.9936010e-01
  2.0024460e+01
 -2.1220167e+00
 -3.5058734e+00
  3.0018988e+00
  1.4276818e+00
 -6.6946158e+00
 -2.5465055e+00
  3.0429623e+00
  5.4183216e+00
 -7.7619028e-01
 -3.4969118e+00
 -7.3016191e+00
 -1.7222154e+00
  2.2435218e-01
 -3.9881647e+00
  5.6196856e-01
  4.2658553e+00
  7.4812281e-01
  3.0529532e+00
  7.1321678e-01
  1.8191031e-01
  8.2629174e-01
 -7.4728590e-01
  2.8126163e+00
 -7.1271653e+00
 -3.1795254e-01
  4.5599957e+00
  5.0689363e+00
 -1.7577537e+00
 -1.3091168e+00
 -1.7473332e+00
  1.1585722e+00
 -7.1945560e-01
 -1.5810995e+00
 -1.0224848e+00
  3.5712593e+00
  3.8867342e+00
 -9.0598041e-01
 -2.1763539e+00
  1.1146898e+00
  6.4989619e+00
  5.4564571e+00
 -3.5949869e+00
 -6.0180402e+00
 -2.1255903e+00
  2.0921965e+00
  1.4204311e-01
  3.1496754e+00
 -4.4526401e+00
 -2.9995444e-01
  3.6035011e+00
  5.2702713e-01
  7.4935865e-01
  1.7975729e+00
  1.3592644e+00
 -1.8973451e+00
 -4.0920115e+00
  6.5448780e+00
  4.2657018e+00
 -2.9347482e+00
 -3.3474650e+00
 -1.6215163e+00
 -7.0250326e-01
 -8.5809392e-01
  1.2769005e+00
  8.3281412e+00
 -1.0009906e+00
 -4.9237709e+00
  1.6992534e+00
  4.6613688e+00
  4.7011173e-01
 -3.4016671e+00
 -1.5866208e+00
 -1.3080939e-02
  2.4487374e+00
  4.1649094e-01
 -3.2598469e-01
 -2.1584206e+00
  1.6456582e-01
  3.2323938e-02
  8.5349256e-01
 -1.2260854e+00
 -3.2826703e+00
 -4.5743780e+00
  1.9408752e+00
  1.5254618e+00
 -2.0270345e+00
  1.6816525e+00
  4.4447951e+00
  1.4934634e+00
 -2.3296809e+00
  4.1251560e-03
  4.1251560e-03
  4.1251560e-03
  4.1251560e-03
  4.1251560e-03
  5.2743582e-03
  5.2743582e-03
  5.2743582e-03
  5.2743582e-03
  5.2743582e-03
  4.1027446e-03
  4.1027446e-03
  4.1027446e-03
  4.1027446e-03
  4.1027446e-03
  2.3731452e-03
  2.3731452e-03
  2.3731452e-03
  2.3731452e-03
  2.3731452e-03
  1.4660439e-03
  1.4660439e-03
  1.4660439e-03
  1.4660439e-03
  1.4660439e-03
  7.1759237e-04
  7.1759237e-04
  7.1759237e-04
  7.1759237e-04
  7.1759237e-04
  5.9611837e-05
  5.9611837e-05
  5.9611837e-05
  5.9611837e-05
  5.9611837e-05
