nep4_zbl 1 C 
zbl 1 2
cutoff 6 5 44 34
n_max 4 4
basis_size 8 8
l_max 4 2 1
ANN 80 0
  2.2058632e+00
  3.3393223e+00
  1.3047929e-02
 -1.3945111e+00
  9.2382270e-01
  7.9317875e-02
 -1.5736177e+00
  8.0683851e-01
 -6.1118686e-01
  4.4926047e-01
 -6.1103027e-02
 -1.3947709e+00
 -1.1579609e+00
  1.9509611e-01
  1.8167512e+00
 -6.5692139e-01
 -1.3120247e+00
 -2.0753055e+00
  9.8063433e-01
  1.7341719e+00
 -8.5014164e-01
 -1.7185566e-01
  9.5718175e-01
  2.3185112e+00
 -5.5704695e-01
 -5.4083967e-01
 -1.1730729e+00
  4.1846661e-03
  3.3697671e-01
  1.2343746e+00
 -5.2183366e-01
  1.4269976e-01
  1.6982910e-01
  1.0284044e+00
 -1.8764246e+00
  1.4938887e+00
  1.1496042e+00
  3.0720901e+00
 -1.2991821e+00
  1.0393722e+00
  1.2404594e+00
  1.9726796e+00
 -3.0213509e+00
  1.5271904e+00
 -1.2190394e+00
  2.1742318e+00
  9.4896084e-01
 -9.6977723e-01
  4.2069718e-01
 -8.7378854e-01
  2.0698786e+00
 -2.7891862e+00
 -1.7484987e+00
 -1.8930005e+00
 -3.7629622e-01
  4.1608396e-01
 -2.0216687e+00
  1.6615362e+00
  4.4757020e-01
 -7.3529291e-01
  9.1964161e-01
  3.0229969e-02
  3.2539353e+00
  1.8423744e-01
 -1.2488117e+00
  3.4655225e-01
 -6.8298459e-01
  1.7016420e+00
  4.8967510e-02
 -1.1124583e+00
 -2.4400198e-01
 -1.2109914e+00
  3.5176069e-01
 -1.2713318e+00
  1.2841042e+00
 -1.4435765e+00
  2.6772728e+00
  1.6112708e-01
  3.2485515e-01
  1.2090812e+00
 -4.1961157e-01
  5.3203267e-01
  4.6763703e-01
  1.7133391e+00
  8.0772257e-01
  1.1777056e+00
 -2.8318545e-01
 -1.4644367e+00
  5.0260652e-02
  2.4467039e+00
  4.3451823e-03
  1.8779515e+00
  6.5381479e-01
  7.6388463e-02
  8.7840754e-01
 -1.2494569e-01
 -3.5178895e+00
  8.7823522e-01
  6.2968409e-01
 -8.2394534e-01
 -1.4636487e+00
 -5.7877660e-01
  7.0424694e-01
 -6.5009570e-01
  6.7509049e-01
 -2.1301975e+00
 -1.0622646e+00
 -1.6769005e+00
  3.2274121e-01
  4.5490684e-03
 -2.2232099e+00
  2.3186879e-01
  3.0266328e+00
  3.8403204e-01
  3.9055407e-01
 -2.9175240e-01
  2.6007495e+00
  7.6201159e-01
  2.8658414e-01
 -2.2490257e-01
 -2.7392051e-01
  2.3042648e+00
  2.3985662e+00
  6.6733599e-02
 -3.2373124e-01
 -3.0256099e-01
  1.2768966e+00
  1.1145762e+00
 -9.1741431e-01
  3.1558695e-01
  1.3308129e+00
 -9.2420316e-01
 -2.2690356e+00
 -1.4542456e+00
  8.6674744e-01
  1.0482754e+00
  9.6136190e-02
 -1.2188717e-01
  1.2297932e+00
  3.4717673e-01
 -9.7482091e-01
  9.6422124e-01
  1.7996551e-01
 -2.0117192e+00
  5.0049436e-01
  2.4026026e-01
  1.8559116e+00
  3.4911367e-01
 -1.8968490e+00
  4.7335690e-01
 -2.1188329e-01
 -1.4943645e+00
 -9.6686244e-01
 -1.5480070e-01
  1.1809938e+00
 -1.8643452e-01
  6.7361772e-01
  2.2672905e-01
  1.3117242e+00
 -2.4289323e-01
 -1.1726499e-01
  4.3934003e-01
  6.1970896e-01
 -3.9191657e-01
  1.7152039e+00
  1.0055941e+00
  4.3437004e-01
 -5.4207468e-01
  3.0523166e-01
 -4.4468325e-01
  5.9600550e-01
  1.3240300e-01
 -7.5879401e-01
 -2.9930264e-01
 -2.0977595e-01
 -1.8009787e+00
 -2.5269265e+00
  7.4354351e-01
  1.2274114e-01
  1.7882456e+00
 -2.4422431e-01
  2.0671259e-01
  2.1506286e+00
 -3.6055145e-01
  3.5275519e+00
 -2.0656579e+00
 -5.1254743e-01
  2.6975219e+00
 -1.1375443e+00
  1.5822561e+00
 -6.2139618e-01
  1.7832090e+00
  2.9442940e+00
  6.2276840e-01
  3.0570705e+00
  4.5035508e-01
 -8.1708121e-01
 -6.1827719e-01
  1.5925992e-01
  1.6376120e+00
 -3.6406331e+00
  3.9026621e-01
  6.6825581e-01
  1.5909398e-01
  6.6498780e-01
 -1.8720441e-01
 -2.2013944e-01
  9.3486017e-01
  4.0316510e-01
 -1.3675817e+00
 -1.1219586e+00
 -3.9255506e-01
  1.0197628e+00
  1.3917687e+00
  2.5182314e+00
 -3.7631443e+00
 -6.3228035e-01
  7.6972836e-01
 -1.3053663e-01
  1.5800688e+00
 -1.0384909e+00
 -1.7237186e+00
  2.1725538e+00
  9.4599640e-01
  1.6639274e+00
 -5.0550270e-01
 -1.5472716e+00
 -1.0383687e+00
  2.5878417e+00
 -1.6468354e+00
 -1.5704813e+00
 -2.6542864e+00
 -1.3207178e+00
  1.9519598e+00
  8.6566162e-01
 -8.0930692e-01
  7.7388668e-01
  2.7796173e-01
 -9.4342786e-01
  3.2804486e-01
 -1.1346786e+00
  3.9342389e-01
  3.7981966e-01
  3.3810139e-02
 -9.2685777e-01
 -4.8721762e+00
 -4.7663766e-01
 -5.9822279e-01
 -5.4019082e-01
  2.5073433e+00
 -3.5706713e+00
 -2.7473824e+00
  1.3251967e+00
 -2.8319380e-01
 -1.3954461e-01
 -6.2900960e-02
 -1.8403715e+00
  1.4297041e+00
  1.7881416e-01
  1.0792937e+00
  3.2824928e-01
 -2.0978274e+00
 -1.0636188e+00
  2.3530743e+00
  1.0841256e+00
  1.0547891e+00
  6.3283640e-01
 -1.3590364e+00
 -8.9333797e-01
  1.6652942e+00
 -7.8563660e-01
 -1.8390164e+00
 -1.4610082e+00
 -5.2182621e-01
  2.9418653e-01
  1.5397397e-01
 -5.6928033e-01
  9.7490382e-01
 -4.7010243e-01
 -5.6383741e-01
 -5.4749084e-01
  1.7005098e-01
 -6.6995031e-01
  2.5717385e+00
  2.3199485e-01
 -1.7230948e+00
  4.7389725e-01
 -8.7648518e-02
 -6.0731465e-01
  1.4275349e+00
  6.0604227e-01
  1.6078788e+00
  1.4313087e+00
  5.1505077e-01
 -4.0512544e-01
 -3.3673167e-01
 -4.6216032e-01
 -3.1204867e-01
 -1.0274649e+00
 -1.3757173e+00
  1.9712735e+00
  2.6477149e-01
  1.1162636e+00
 -8.0062941e-02
  2.5271988e+00
  1.5261599e+00
  1.5053047e+00
 -1.0847991e+00
  9.1803944e-01
  1.2591250e+00
 -8.2697755e-01
 -9.4637746e-01
  1.6205339e+00
 -8.3409643e-01
 -6.4378661e-01
  3.5957479e+00
 -3.1398410e-01
 -7.9052812e-01
 -3.4136489e-01
 -1.6742083e+00
 -8.2807904e-01
  3.7960446e-01
  5.3762430e-01
 -7.4057859e-01
 -1.0863570e+00
  6.6528392e-01
 -1.5975397e+00
 -3.7312406e-01
  1.1943744e+00
 -1.7525846e+00
 -1.8491528e+00
 -1.3989074e+00
 -3.4749128e-02
 -2.0777776e+00
  4.3023738e-01
  6.7766994e-01
 -9.5895201e-01
  2.2190826e-01
 -3.8042861e-01
 -2.6075685e+00
  3.2639530e+00
  4.4673219e-01
 -2.0196857e-01
 -8.5167730e-01
 -7.1304202e-02
 -6.9497514e-01
  5.7520562e-01
 -9.2291087e-01
  4.4726971e-01
 -1.4235502e+00
  1.4519966e+00
  2.0268209e+00
  7.5307631e-01
 -8.3021688e-01
 -9.1759358e-03
  1.5630298e+00
  6.4834172e-01
  3.9067132e+00
  1.4250255e-02
 -2.9184675e-01
 -4.3500355e-01
  1.2494630e-01
  7.9776710e-01
  9.4953269e-01
  1.0553323e+00
  8.5286105e-01
  7.4748552e-01
 -3.1372672e-01
 -4.7354671e-01
 -5.7814169e-01
  3.2754984e+00
 -1.6543385e-01
 -9.3996656e-01
  4.8329351e-03
  6.1249042e-01
  1.3722938e+00
  4.1004255e-01
  2.8158492e-01
  3.0746229e+00
  8.1608188e-01
  1.7155491e-02
 -1.3078057e+00
  1.7160095e-01
 -4.4114012e-02
  6.3090980e-01
  1.7768877e+00
 -3.4872112e-01
 -1.6216971e-01
 -2.4662702e-01
  1.6015188e+00
 -9.3223834e-01
  5.3303357e-02
  1.0195173e+00
  9.8738563e-01
  1.7954000e+00
  4.9356270e-01
  2.6885444e-01
 -1.0033944e+00
  4.3769071e-01
  1.1560874e+00
 -1.4218470e+00
  3.4816720e-02
  1.9578309e-01
 -1.5978804e-03
 -1.1237872e+00
 -2.5861146e+00
 -1.8672957e+00
  1.3692845e+00
 -4.2066909e-02
  9.6658385e-01
  6.3959396e-01
  3.1913393e+00
 -7.3167199e-01
 -1.5933083e-01
  1.6070686e-01
  9.9550283e-01
  2.6687714e-01
  3.1842536e-03
 -6.2086880e-01
 -6.8497121e-01
  5.1568347e-01
 -2.4516748e-01
  3.9587963e-01
 -3.6090830e-01
 -2.0742669e+00
 -1.7972024e-01
 -3.4184831e-01
 -2.2079806e+00
 -1.4633218e+00
  1.7381895e-01
 -1.5923227e+00
 -2.5290197e-01
 -9.9231249e-01
 -8.0271184e-01
  4.9414730e-01
 -7.5127506e-01
 -1.5818626e+00
  4.3273983e+00
 -3.8565001e-01
 -1.1740569e+00
  1.4123518e+00
 -1.2929530e+00
 -3.0624494e-01
  2.5112572e-01
 -3.5881277e-02
  8.1091440e-01
  4.3093786e-01
 -7.9216659e-02
 -1.5741962e-01
  2.4508128e-02
  3.8013169e-01
  1.1814556e-01
 -9.0733945e-01
 -1.0764219e+00
 -3.0521641e+00
 -2.5831091e-01
 -9.2425960e-01
  7.8631717e-01
 -3.8314188e-01
  1.9815691e+00
 -2.0283933e+00
  1.2322468e+00
 -1.0290373e-02
 -4.0874195e-01
  1.7103012e+00
  9.7821313e-01
  9.4263810e-01
 -1.3944025e+00
  6.2707675e-01
 -1.3096318e+00
 -1.0709003e+00
 -1.9013975e+00
 -7.6771560e+00
  2.0785561e+00
 -1.3638926e+00
  6.8738896e-01
  9.6740812e-01
  7.3450375e-01
 -7.7779107e-02
  4.8699990e-01
 -2.1554537e+00
 -2.8995454e+00
  1.1055888e+00
  2.1152909e-01
  6.3332081e-01
 -3.3607873e-01
 -9.7875535e-01
  2.6811567e-01
 -9.7443962e-01
 -3.1526482e-01
  1.1760699e+00
 -4.6401566e-01
  5.9056586e-01
 -1.6027799e-01
 -8.3886571e-02
 -7.2221953e-01
 -4.3445313e-01
 -1.0441045e+00
  6.0012591e-01
 -4.6560591e-01
 -1.1111345e+00
 -1.3075422e+00
 -4.8809639e-01
  6.9388551e-01
  1.3019369e+00
 -1.7322041e+00
  1.1428972e-01
  6.3777351e-01
  1.6232569e+00
  1.2094482e-01
  1.0419952e+00
 -9.8059320e-01
  1.6110365e-01
 -9.9824989e-01
  5.6636709e-01
 -8.5282600e-01
 -9.1043049e-01
 -1.1660956e+00
 -6.2717950e-01
 -1.2333468e+00
 -2.3970159e-03
  1.1218945e+00
 -5.4033276e-02
  7.0827997e-01
 -1.0517070e+00
  1.2372959e+00
 -1.2273982e-01
 -1.5696687e+00
  6.0528338e-01
  2.0333733e-01
  9.3038879e-02
 -1.3960612e+00
 -1.2741296e+00
  1.8408054e+00
  3.2516658e-01
  2.2241740e+00
  3.1010137e+00
 -3.4095807e+00
  1.9051502e+00
 -4.6278709e-01
 -2.6277666e+00
  1.6292988e+00
  2.2878291e-01
  1.7411053e+00
 -5.3538734e-01
 -2.9022045e+00
  1.8120008e+00
 -9.7645622e-01
 -5.8670479e-01
 -7.1872902e-01
  7.0700067e-01
 -2.2457540e+00
  1.4269922e+00
 -4.1868940e-01
 -7.6809615e-01
 -1.0542586e+00
 -9.1267401e-01
 -6.4385462e-01
 -6.3586193e-01
 -2.4924387e-01
 -3.6095664e-01
  1.8715396e+00
 -2.6774540e+00
 -1.8831648e+00
  1.9057331e+00
 -2.3588231e-01
 -6.3965476e-01
 -1.5185369e+00
  1.7349584e-01
  9.5037293e-01
  8.7188989e-01
  1.9627106e+00
 -7.5913441e-01
  3.3492160e-01
  7.1949220e-01
 -8.6707398e-02
  2.4325804e-01
 -9.1709685e-01
 -1.2305936e+00
  6.7949504e-01
  1.8635276e-01
  1.3881235e+00
  6.9340998e-01
  8.8975263e-01
 -6.3440394e-01
 -6.9533914e-01
  6.0076958e-01
 -3.0241641e-01
 -7.5486279e-01
 -7.8713453e-01
 -7.2196537e-01
  1.1046290e+00
 -1.0200799e+00
 -1.7437875e-02
 -1.8002745e+00
 -3.1744826e-01
  1.2399299e+00
 -2.2928965e+00
  1.0740349e+00
 -2.2482781e+00
 -1.8996834e+00
  6.6749954e-01
  6.9763720e-01
 -2.4802971e-01
  9.3755287e-01
 -3.6095216e+00
  2.9803321e+00
  1.0344250e+00
 -1.9586859e+00
  2.1887100e+00
 -1.9938223e+00
 -1.6939483e+00
 -9.6998894e-01
 -3.1998825e-01
 -2.4765475e+00
 -2.6188407e+00
 -7.4147934e-01
 -6.5311253e-01
 -5.1591015e-01
 -1.7957710e+00
 -2.4017808e+00
  5.6947970e-01
 -3.6992538e-01
  5.6383736e-02
  1.4613357e+00
 -4.2557564e-01
  1.6088852e-01
 -1.0595731e+00
  7.0215315e-01
  1.6192296e-01
 -1.0172583e+00
  4.7631627e-01
  6.7377663e-01
 -2.6134780e-01
 -9.0297103e-01
 -3.8845614e-01
 -1.0247426e-01
  1.4323390e+00
 -1.0844060e+00
 -9.0744901e-01
 -2.1956733e-01
  1.6837688e-01
 -1.3961723e-01
  9.3210541e-02
 -3.8229832e-01
  4.6007532e-01
 -1.0097774e+00
  6.5860367e-01
 -9.2121238e-01
 -4.2895699e-01
  2.5777146e-01
 -3.8507149e-01
 -1.5653731e+00
 -7.4923122e-01
 -1.2065024e+00
  7.2447509e-02
  3.2206240e-01
 -3.6943269e-01
 -2.8390449e-01
  8.0266881e-01
  8.3924890e-01
  4.4800559e-01
  8.0276597e-01
 -8.4569144e-01
 -7.2250032e-01
 -1.4592067e+00
  6.9918609e-01
  5.5712931e-02
 -1.2444129e+00
 -5.9002948e-01
 -4.8595107e-01
 -4.0471548e-01
 -3.8351673e-01
 -2.1851547e-01
 -1.9059007e-01
  4.4141063e-01
 -2.1133524e-01
 -1.4027729e+00
  4.3323055e-01
 -9.6617883e-01
 -2.5449106e-01
  4.8693040e-01
  4.8448613e-01
  3.3225697e-01
  1.7593023e+00
 -6.7409629e-01
 -9.4263548e-01
  1.3787657e+00
 -3.2725655e-02
 -1.4619873e+00
 -1.0180042e+00
 -1.8923995e-01
  3.1670049e-02
  1.6651814e+00
 -1.0118849e+00
 -5.0042450e-01
  4.0920576e-01
  1.3508049e+00
 -6.3843626e-01
  3.3326221e-01
 -1.6041235e+00
 -1.5024586e+00
  8.2910132e-01
 -6.4037845e-02
  2.6509479e-01
 -4.9436125e-01
 -8.0648434e-01
  3.3674892e-02
 -3.2293838e-01
 -6.2708026e-01
 -3.9378443e-01
  1.5868814e+00
  1.8443474e+00
  6.7000860e-01
 -1.4795114e+00
  2.6429089e-02
 -5.6299430e-01
  1.3359563e+00
  8.5499334e-01
 -6.0040182e-01
 -7.2901553e-01
  1.7512904e+00
 -3.5251176e-01
  5.6792569e-01
 -1.2515707e+00
  3.3929262e-01
 -8.5075897e-01
  5.2297622e-01
  6.8625897e-02
 -5.1705867e-01
  6.7106247e-01
  2.4803360e-01
  5.1320761e-01
 -1.0966141e+00
 -2.3854572e-01
  3.3226426e+00
  8.7061161e-01
 -9.0310764e-01
 -1.2336947e+00
  1.9347331e-01
 -2.1610894e+00
  6.7471124e-02
  1.6249903e+00
 -9.3694675e-01
  1.6617152e-01
 -2.9922297e+00
 -1.8890111e-01
 -3.2869622e-01
 -6.3335842e-01
 -1.7305853e+00
 -2.4902658e-01
 -9.4650459e-01
 -2.9059224e+00
 -5.0417078e-01
 -5.3841889e-01
  1.2064946e+00
 -5.3745544e-01
 -3.5573623e-01
 -7.7282870e-01
 -2.7623870e+00
 -2.8402802e-01
  9.1562468e-01
  2.2160327e+00
 -3.0467185e-01
  2.3841157e-03
 -9.6735454e-01
 -2.1599748e+00
 -9.6514010e-01
 -7.6847613e-02
 -1.2658969e+00
  1.1374565e+00
  4.2517218e-01
  1.6009924e+00
 -1.0748488e+00
 -1.7578477e+00
  1.6689048e+00
  6.3884020e-02
 -5.7422876e-01
 -3.8141257e-01
  1.0036875e+00
 -2.9875588e-01
  1.6415791e-01
 -1.5457705e-01
 -1.4770863e+00
  1.0049851e-02
  1.3679482e+00
 -1.0366293e+00
  8.6446303e-01
  3.3202404e-01
 -2.7301056e+00
 -3.6334476e-01
 -9.9968952e-01
 -1.2663982e+00
 -1.2247028e+00
  1.1110457e+00
 -2.3805243e-01
  7.6058114e-01
 -4.1428909e-01
 -8.7808830e-01
  3.6092904e-01
 -3.2541990e-01
  2.2735634e-01
 -4.4413519e-01
 -9.3337858e-01
  1.9270006e+00
  1.0979835e+00
  2.2473656e-01
 -3.7043760e+00
 -1.8667734e+00
  5.6211002e-02
 -1.6948501e+00
  1.0062132e+00
  3.4768981e-01
 -7.7070937e-02
 -2.2035267e+00
 -2.1664286e+00
  5.7633394e-01
 -1.0294183e+00
 -3.9144221e-01
 -8.5259455e-01
 -1.3175318e+00
 -4.4329692e-02
  5.8930379e-01
 -9.8110813e-01
  3.5988763e-01
 -1.1258349e+00
 -5.2586168e-01
  1.7520833e+00
  2.8754244e+00
 -4.3871023e-02
 -2.6225548e+00
  1.7673913e+00
  3.2158902e-01
  7.3897004e-01
 -3.5516828e-01
 -2.7908170e-01
  1.0919691e+00
  5.5581152e-01
  4.3141505e-01
 -5.8738327e-01
  3.3504605e-01
 -8.7838197e-01
  1.9501089e+00
  1.0083518e+00
  9.1794515e-01
  1.2170446e+00
 -7.4620857e+00
  2.5204068e-01
  2.2741199e-01
 -2.6113951e+00
 -2.8724298e-01
  2.7760212e+00
  7.5636965e-01
 -9.7381443e-01
 -2.7560475e+00
  1.6300049e+00
 -1.4107670e+00
  1.4608202e+00
 -1.0822035e-01
  1.1077480e+00
  8.8960268e-02
  6.5343159e-01
 -5.3382516e-01
 -7.1384269e-01
  1.0646655e-01
  2.0026848e+00
 -5.0826764e-01
  3.3628380e-01
  7.1645856e-01
  2.9611831e+00
  9.7450781e-01
  1.5172241e+00
  9.2064488e-01
  3.3860731e-01
  3.8618305e-01
  2.6772194e+00
 -1.3902093e-01
  3.0053787e+00
  8.8338631e-01
 -3.1253228e+00
 -1.4840136e+00
  2.5290406e+00
 -1.9412973e+00
  5.0752145e-01
  6.9438231e-01
 -2.3789580e+00
 -1.7120972e+00
 -1.4772987e+00
  1.3069904e+00
 -1.7451557e+00
 -2.2005184e-01
  1.1110544e+00
 -6.1628157e-01
 -5.4836541e-01
 -2.8470221e-01
  9.3116510e-01
  9.3971539e-01
 -1.0939754e+00
  1.0652795e-01
 -2.6888826e+00
  2.4872735e-01
  1.7015454e+00
 -3.1503442e-01
  1.0977766e-01
 -2.8523645e-01
 -3.3907172e-01
  3.3862561e-01
 -4.5693442e-01
  2.5836590e-01
 -1.7902051e+00
 -2.3906999e+00
  1.6922691e+00
  2.8822005e-01
 -2.0244067e+00
  1.0316232e+00
 -5.8493042e-01
  1.1406381e+00
  1.9354899e+00
 -2.4467466e+00
  5.5662507e-01
 -1.4502865e+00
  1.7148560e+00
  3.3403255e-02
  1.4208988e+00
 -2.7360526e-01
 -9.1025257e-01
  1.6702635e+00
  1.6667604e+00
 -2.7013683e-01
 -1.0627006e+00
  2.4001144e-01
  5.4962069e-01
  4.1157442e-01
 -9.6461236e-02
  1.3498933e+00
 -7.7787161e-01
 -8.6037725e-01
 -2.1900406e+00
 -2.5894067e-01
  7.1630615e-01
 -1.1509097e+00
  5.8130063e-02
 -1.0141363e+00
 -2.6410437e-01
  1.0812802e+00
 -5.4235858e-01
  1.0023397e+00
 -3.9783986e+00
  1.2955368e+00
  1.1590215e+00
 -4.5209348e-01
 -9.2166805e-01
 -2.7594203e-01
  1.2207282e-01
  1.7514513e+00
 -2.1517203e+00
 -8.4578282e-01
 -6.5950805e-01
  8.0235833e-01
  1.1342311e+00
 -2.5419980e-01
 -2.8609133e+00
  2.3905737e+00
 -1.2534058e-01
  1.0562819e-01
 -6.0413742e-01
  4.6449211e-01
 -2.1520715e+00
 -3.6789420e-01
  5.3612560e-01
 -1.0091139e+00
  7.9942435e-01
  3.3148358e+00
  1.2879694e+00
 -8.8583690e-01
 -4.7730857e-01
 -1.0918710e-01
 -6.7945200e-01
 -6.5762824e-01
 -5.4529750e-01
 -6.7325488e-02
  2.9854158e-01
  4.0410557e+00
  1.0687399e+00
  3.4606579e-01
 -1.0242916e+00
 -3.6560371e+00
 -1.1388036e+00
  8.3979589e-01
  2.2679055e+00
 -4.1917715e+00
  2.6461262e-01
  1.0807500e+00
 -6.8353587e-01
  4.4245939e+00
 -9.4764096e-01
 -6.1955905e-01
  2.2686033e+00
 -8.0437109e-02
 -1.2760660e-01
  1.7320173e+00
  9.5189726e-01
  2.8710899e-01
 -1.5670482e+00
  1.6119937e+00
 -1.6969293e+00
 -5.2500236e-01
  3.7801101e+00
 -4.6208773e-02
  1.9053086e+00
 -5.3686327e-01
  5.4513797e-02
 -9.8222166e-01
 -1.1522245e+00
 -4.0786681e-01
 -2.5634282e+00
 -1.7089859e+00
 -2.6000226e-01
 -2.9306991e+00
  2.8721189e+00
  2.0710470e-01
 -5.4964370e-01
 -1.7240905e+00
 -9.2418993e-01
  4.5290458e-01
  5.1558870e-01
  1.3573626e+00
  4.8819682e-01
 -4.9237210e-01
  5.5938941e-01
 -4.6594322e-01
  1.6442850e+00
  1.1347823e+00
 -2.7728918e+00
 -2.5099400e-01
 -1.2495675e+00
  6.6322379e-02
  1.6723391e+00
  1.8008592e+00
  7.2588754e-01
  1.5760694e+00
  2.3183338e-01
  6.7291832e-01
  4.5642307e-01
 -1.1039466e+00
  8.8985753e-01
 -5.6226466e-02
  1.6446060e+00
  2.0909833e-02
 -1.3832890e-02
 -1.9625392e+00
 -2.3221009e+00
  2.1626318e-01
 -1.2755381e+00
 -2.5350779e-01
  1.5201305e+00
 -8.2175511e-01
  4.3578967e-01
 -3.4221259e-01
  1.3454912e+00
  8.6815435e-01
  6.6130269e-01
  3.1413753e+00
 -1.3456411e+00
 -1.7579085e+00
 -1.2358361e-02
 -1.6460361e+00
  2.2646010e+00
 -2.0330458e+00
  1.2086442e-01
  1.4545958e+00
 -8.9573252e-01
  8.4490120e-01
 -8.0414806e-03
 -3.4436524e+00
 -3.9272833e+00
 -4.4345537e-01
 -2.6174419e-02
 -1.4720476e+00
  1.4190328e-01
  4.9614310e-01
 -2.6225092e-02
  2.5743946e-01
  3.8820368e-01
 -7.6709187e-01
 -1.0261557e+00
  2.3487210e-01
  2.5069013e+00
  8.6483198e-01
  3.6273334e-02
  1.6079649e+00
  2.4396801e+00
 -2.5383766e+00
  1.1221625e+00
 -2.2536096e-01
  3.1377399e+00
 -5.1140804e+00
  1.0472113e+00
  7.2567695e-01
 -3.6483592e-01
  8.7350464e-01
  2.8583083e-01
  3.5335526e-01
 -3.5817185e-01
 -1.7046934e-02
  1.0780628e+00
  1.4021159e+00
 -1.4283559e+00
 -1.3069339e+00
  1.0836418e+00
 -2.3341508e+00
 -1.0455023e+00
  1.0058171e-01
  1.2321870e+00
  7.6580817e-01
  8.1827620e-04
  2.4798744e+00
  5.1515567e-01
 -8.0959201e-01
 -3.6610368e-01
 -3.3647826e-01
  5.2600390e-01
 -2.9867957e+00
 -1.7709469e+00
 -2.1539807e+00
 -2.1767344e+00
  2.4377148e+00
  2.6488178e+00
  2.8860327e-02
  1.3497612e+00
  1.1523337e-02
 -2.0688009e+00
  9.1862667e-01
 -2.3612265e-02
 -5.3871036e-01
  6.2396920e-01
 -3.1192458e+00
  2.0572851e+00
  1.7721915e+00
 -2.4805312e+00
 -1.9072622e+00
 -1.3265258e-01
  7.0475823e-01
 -6.9535188e-02
 -7.4806970e-01
 -1.5519001e+00
  1.9589697e+00
  4.3932566e-01
 -7.8410722e-02
  5.2068275e-01
 -1.1643869e+00
  3.6458850e-01
 -4.0505704e-01
  1.0242609e+00
  1.2776109e+00
  2.0434332e-01
 -4.9638465e-01
 -3.0537951e-01
 -1.7977364e+00
  4.8675510e-01
 -2.4538991e+00
 -5.5466419e-01
 -1.2080810e+00
  7.7784494e-02
  5.6521672e-01
 -3.7024188e-01
  2.4926557e-01
  5.2768952e-01
 -7.0946425e-01
 -4.0113527e-01
  8.1311715e-01
  1.6602378e+00
 -5.7034526e-02
  3.0526951e-01
 -6.6176921e-02
 -1.6436571e+00
 -8.6587131e-01
 -6.8548888e-01
  1.3221990e+00
  1.3089259e+00
  2.1875033e+00
 -1.1879637e+00
 -1.3276945e-01
 -5.0203693e-01
 -1.6197969e+00
 -5.4763889e-01
 -2.0477355e-01
  7.2077715e-01
  1.0978175e+00
  5.4896522e-01
  4.3177956e-01
  1.1667581e+00
 -3.6147729e-01
  8.4657913e-01
 -5.4439616e-01
 -2.1341614e-01
 -1.9064199e+00
 -7.6574314e-01
  5.1542187e-01
  1.8018707e+00
  3.5171466e+00
  3.6198539e-01
 -2.7110388e+00
 -9.3589546e-03
  1.4882449e+00
 -1.4339380e+00
  4.7683749e-01
  1.4122251e+00
 -6.9312757e-01
  7.2410919e-02
  3.5680298e-02
 -1.0384831e+00
  1.2282325e+00
  1.1818686e+00
  1.6407728e+00
 -6.5251786e-01
  1.8366492e+00
  1.4963486e+00
 -2.8330527e-02
  1.1327401e+00
 -3.2251990e-01
 -4.0544024e-01
  2.0791620e-01
 -4.4602413e-02
  1.9641958e+00
  9.1874164e-01
 -2.3490217e+00
 -6.2059236e-01
  4.6796627e-02
 -1.3875945e+00
  3.0259857e-01
 -2.1682515e+00
  4.4732735e-01
  8.0262190e-01
  1.1050744e+00
 -2.9214138e-01
 -1.3562652e+00
 -2.3126760e+00
  6.7146444e-01
  3.5276256e+00
 -1.6638693e-01
 -8.8965178e-01
  2.0973916e-01
 -6.5411550e-01
 -4.2669829e-02
 -1.3154451e+00
 -6.9947612e-01
 -8.3685148e-01
  4.1331472e+00
  4.6582615e-01
  7.0508015e-01
 -1.6454545e+00
 -1.1340151e+00
 -1.8269165e-03
 -1.1962688e+00
  4.7638583e-01
 -2.9462183e-01
 -1.0460391e+00
  2.1487971e-01
  3.8360411e-01
  3.5033616e-01
 -6.3113207e-01
 -2.3019125e+00
  3.1457609e-01
  5.9479725e-01
  6.2840991e-02
  3.6322868e-01
  8.2507879e-01
  1.4573147e+00
 -1.1181312e+00
  1.2659795e+00
 -3.9797235e-01
  1.8995178e+00
  8.8323601e-02
 -1.5708758e+00
  3.2074386e-01
 -3.6719984e-01
  1.1752592e+00
  1.1313554e+00
 -5.7250929e-01
  6.5888780e-01
 -5.3329414e-01
  4.6572071e-01
 -1.4667917e+00
 -4.9052119e-01
  2.6477829e-01
 -2.1702979e+00
 -4.0841126e-01
 -6.3802397e-01
 -1.4849571e+00
 -1.3724890e-01
  1.7674260e-02
 -2.7759048e-01
  3.4868130e-01
 -2.3249902e-02
  1.2429035e+00
  6.1406910e-01
 -1.9578961e+00
  3.5058342e-02
 -2.1297312e+00
 -1.3338350e+00
  7.9135221e-01
  1.2147235e+00
 -9.0399122e-01
 -6.8077511e-01
 -2.4511375e+00
 -2.5861640e-02
  1.3745347e+00
 -1.2786568e+00
  4.1633781e-02
 -3.9454061e-01
 -3.8242273e-02
 -3.8022902e+00
 -1.5768649e-01
  2.4775982e+00
 -2.3107500e+00
  1.6866274e+00
  8.0708748e-01
 -1.1597739e+00
 -6.6933697e-01
 -1.0474966e+00
 -3.7046620e-01
 -5.9591371e-01
  4.9294651e-02
  1.7279247e+00
  6.9449604e-01
 -7.1738750e-01
  2.0140767e-01
  1.2191318e+00
  3.3267629e-01
  1.6218953e-01
  4.7219000e-03
  2.7326956e-01
  5.9752125e-01
 -2.3150802e+00
 -1.0088780e+00
 -7.0872247e-01
 -3.8927811e-01
  4.2811021e-01
  6.6338176e-01
  2.8924639e+00
  3.0771019e+00
 -6.7774129e-01
 -1.2114027e+00
  6.4399415e-01
  8.0705673e-02
 -1.3713186e+00
 -3.7046477e-02
 -4.5356303e-01
  1.7624935e+00
 -3.9431128e-01
  4.6696305e-01
 -1.1970563e-01
  7.5936747e-01
  9.7812378e-01
  1.3004102e+00
  2.4633481e-01
  1.4642364e+00
  1.3069996e-01
 -2.6322418e-01
  1.4310446e+00
  2.8032982e-01
 -2.8999689e-01
 -1.0228473e+00
  7.9458463e-01
  1.0326556e+00
 -1.9323208e+00
 -1.2466190e+00
 -3.7366071e+00
 -3.1561041e+00
  2.1903625e+00
 -1.8998283e+00
  7.5576000e-02
  1.1797104e-01
  2.0042691e+00
  1.7601231e+00
 -4.8208496e-01
  1.2309978e+00
 -1.6728407e+00
  3.1792450e-01
 -7.4447566e-01
  1.2449892e+00
 -1.5712185e+00
 -9.9282372e-01
  3.7421864e-01
  1.3079582e+00
 -2.9837048e+00
  5.4268979e-02
 -1.0207413e+00
 -7.8689599e-01
 -1.3580823e+00
 -1.8291070e+00
  9.7403961e-01
  3.9354330e-01
  4.6978980e-01
  1.1757175e-01
  2.3056667e+00
  1.9143318e-01
  3.1210649e-01
  3.6760917e-01
 -4.8860006e+00
 -2.2829530e+00
 -2.2373710e+00
 -6.3080639e-01
  1.1589600e+00
 -1.3016165e+00
 -4.2293434e+00
  7.1848946e+00
 -1.4166186e+00
  1.3384524e-01
  1.9115753e+00
  1.0117406e+00
 -1.1063938e-01
  2.4651926e+00
  1.2884902e+00
  2.3748231e+00
 -1.1477327e+00
  2.4980550e+00
  1.2136697e+00
  1.1471828e+00
  1.6446184e+00
 -1.5647370e+00
  7.0350695e-01
  3.1992671e+00
 -1.5275434e-01
  6.5947717e-01
 -9.6462411e-01
 -1.1862404e+00
 -1.0068588e+00
 -2.4645050e+00
  5.5270249e-01
  8.5682201e-01
 -6.6781098e-01
 -3.4685802e-01
  1.0555515e+00
 -6.2255681e-01
  1.2536975e+00
 -3.2633895e-01
 -1.2292447e+00
  1.1016214e+00
  1.3102640e+00
  8.8413680e-01
  2.0600375e-02
 -4.9237990e-01
  1.2037445e+00
 -6.3924265e-01
  8.5074849e-02
 -6.3507158e-01
 -2.9079834e-01
  5.9533483e-01
  4.4233513e-01
 -4.0680689e-01
  5.4821032e-01
 -3.2911620e-01
  1.9833779e-01
  4.8145598e-01
 -3.8912556e-01
 -3.8174447e-02
  3.8940123e-01
 -8.8497293e-01
  1.6930002e-01
  1.7693286e-01
 -4.6658885e-01
  3.9024085e-01
  1.6684857e-01
 -8.5439223e-01
 -4.0273741e-01
  1.6005018e-01
 -5.5527520e-01
 -4.4054616e-02
  3.1091111e+00
  7.4361110e-01
 -1.0868618e+00
  1.7134570e+00
 -2.5353819e-01
  1.7512709e-01
 -1.0462192e+00
  2.7896426e+00
 -8.4219217e-01
 -2.7065831e-01
 -4.4330293e-01
  2.6755388e+00
  1.8364939e-01
  5.4952890e-01
 -8.6283982e-01
 -4.6965331e-01
  7.6068246e-01
  1.8233773e+00
 -1.1545058e+00
 -2.5995431e-02
  7.7835864e-01
  8.3233470e-01
  4.6616338e-02
 -8.1502873e-01
 -1.2953210e+00
 -2.1076182e-01
 -1.6432526e+00
 -1.9283329e+00
 -4.4611028e-01
 -1.4673802e-01
  2.1779807e+00
  1.6252351e+00
  3.4896320e-01
  1.0822483e+00
  1.4554722e+00
 -2.6834629e+00
  1.7871443e+00
 -2.3559127e+00
 -1.7966512e+00
 -7.5443649e-01
  1.2382280e+00
  1.5618768e-01
  6.3072914e-01
 -1.1449404e+00
  3.1983516e-01
  3.5007930e+00
 -3.5269394e+00
 -1.0955650e+00
  6.3578123e-01
 -4.6951979e-01
 -4.8584139e-01
  5.1926160e-01
 -1.4825293e+00
  4.3304852e-01
 -4.0250580e-04
  6.7119712e-01
 -1.9687943e-01
 -8.2562423e-01
  1.6189219e+00
  6.2230808e-01
 -4.3987842e+00
  2.1743259e+00
  4.2783523e+00
  7.4006510e-01
  2.8482649e-01
 -2.7370576e-02
 -4.7959206e-01
  8.4940869e-01
  5.3510022e-01
 -1.7749806e-01
  3.6631331e+00
  5.8378845e-01
 -2.4892869e+00
 -3.5842776e-01
  1.2087953e+00
 -2.1009190e+00
  5.5800873e-01
 -1.8731745e+00
  7.9798043e-01
  2.0464337e+00
  2.7771544e+00
 -5.6342292e-01
 -2.4975500e-01
 -7.5405508e-01
  1.1326142e-01
 -1.4859861e+00
 -1.6013494e+00
 -9.3528295e-01
 -2.2755793e-01
  6.4446068e-01
  9.8697215e-01
 -1.5313330e+00
 -1.4074035e+00
 -6.7152470e-01
 -1.0288090e-01
 -1.6608942e-01
  7.3519337e-01
 -9.0511370e-01
 -1.2539318e+00
  5.5689710e-01
  1.2618656e-02
 -5.0541627e-01
 -3.7031707e-01
  4.9777374e-01
  7.4589606e-03
 -1.4755191e+00
 -3.0483749e+00
  5.2977639e-01
 -1.8864237e+00
  1.1386734e+00
  1.8304324e+00
  2.6634085e+00
 -1.5595633e+00
 -4.5048110e-02
  4.3051809e-02
  2.4008222e+00
 -2.0739048e+00
 -3.0383549e+00
 -5.2779669e-01
 -8.0515826e-01
  4.4898186e+00
 -1.9661528e+00
 -2.6203819e-02
  1.6002903e+00
 -4.1979283e-01
  1.0453305e+00
 -1.4664905e+00
 -1.2006493e+00
  2.2081728e+00
  7.0780076e-02
 -3.9497435e+00
  3.6864450e+00
 -3.0801558e-01
  2.4934812e+00
  2.1657050e+00
 -1.1300492e+00
 -7.9148567e-01
  1.2568358e+00
 -5.2296609e-02
 -1.5505905e+00
  1.4738634e+00
  1.3189629e+00
 -3.4949536e+00
 -1.8342283e+00
  2.0901983e+00
 -1.3203567e+00
 -1.9337459e-01
  1.1513103e+00
 -1.4157765e-01
 -2.8851977e-01
 -3.0833107e-01
 -4.7495103e-01
  7.4793446e-01
  8.0422133e-01
 -1.9936985e-01
  8.4677237e-01
  9.5575708e-01
 -8.8076621e-01
 -9.8387122e-02
  1.2881566e+00
 -6.4267904e-01
 -4.4308615e-01
  7.3051691e-01
  4.6708307e-01
  2.3320235e-01
  2.8196564e+00
 -7.5566065e-01
 -1.2538112e+00
 -4.0465435e-01
 -2.7299491e-01
 -3.0608490e-01
 -1.2145205e+00
 -6.4149499e-01
  3.0731231e-01
  5.0776166e-01
 -1.7161814e+00
 -2.2887997e-01
  6.9219440e-01
  6.3075083e-01
  2.2232480e-01
  7.5074452e-01
 -3.2178259e-01
  1.6632347e+00
 -2.4701433e-01
 -1.2520750e+00
  1.3880518e-01
 -2.2274015e+00
  1.1516995e+00
  2.3465580e-01
  2.5110047e-02
  3.7649140e-01
 -8.9970613e-01
 -8.0339557e-01
  6.9445175e-01
 -6.5389264e-01
  1.3442069e+00
  1.2911553e+00
  1.2583470e+00
 -8.0865985e-01
 -6.5341258e-01
 -2.3603241e+00
 -2.2338857e-01
 -3.0674583e-01
  7.9900455e-01
 -3.0003360e-01
  7.3764181e-01
  4.9899295e-01
  7.1244800e-01
 -8.0214232e-02
 -1.9017780e+00
 -3.6047807e+00
  7.5148386e-01
 -9.7092837e-01
  4.5633674e-01
  1.8656995e+00
  5.6166410e-01
  2.2424471e+00
 -2.4069991e+00
 -3.3839008e-01
  7.0752740e-01
  2.9943678e-01
  1.1197819e+00
 -7.0158118e-01
  6.2714323e-02
  1.2568218e+00
  1.0112337e-01
  4.5539951e+00
 -1.5845765e+00
  2.2899091e+00
 -2.2537739e+00
  1.8561748e+00
  2.0256350e+00
  4.1766936e-01
  8.5581243e-01
  2.1382290e-01
  1.5111039e+00
  1.7088954e+00
  8.2686073e-01
  6.3626671e-01
 -5.4615879e-01
  6.6425979e-01
  8.2662314e-01
  9.2857048e-02
 -4.4736464e-02
 -4.4493935e-01
  1.5844675e+00
  1.2033623e+00
 -3.1953902e+00
  4.2219669e-02
 -2.0541253e+00
  3.6371248e+00
 -4.6387830e-01
 -2.6415065e-01
  3.5505295e-01
  7.9744071e-01
 -1.8666587e+00
 -2.3955507e+00
 -5.4575038e-01
  1.1006833e-01
  6.3809633e-02
 -7.8853434e-01
  5.2296329e-01
  4.2617345e-01
  5.6711823e-01
 -1.2238686e+00
 -1.9874732e+00
  2.2442148e+00
 -1.1526572e+00
  1.0172969e+00
 -9.8696935e-01
 -6.3885772e-01
  1.3983719e+00
  1.3229247e+00
  7.4749285e-01
  6.4413041e-01
 -1.1187418e+00
  9.2333905e-02
  5.9176338e-01
  1.1041507e+00
 -1.1354089e+00
  6.4058356e+00
  1.2349918e-01
 -1.4840137e+00
 -4.9596843e-01
 -1.8733432e+00
  4.5367680e+00
  7.4574256e-01
 -1.1385193e+00
 -1.2438226e-01
 -4.0357890e+00
  6.8065572e-01
  1.3630137e+00
 -3.1524999e+00
 -8.6367464e-01
 -2.1563542e+00
  1.4657400e+00
 -1.6408870e+00
 -1.2474892e+00
 -1.4978386e+00
 -1.5760986e+00
 -1.8411191e-03
 -1.7897078e+00
  2.5922026e-02
 -2.8119752e+00
 -1.6554977e+00
 -2.0714967e+00
 -1.0648559e+00
  1.3857235e+00
 -3.5898232e-01
 -2.5942561e-01
  7.3501140e-01
 -2.1065252e-01
 -6.7558475e-02
  1.1546396e+00
  1.2105412e+00
 -1.6301920e+00
 -2.6238527e+00
 -1.6486146e+00
 -2.6596024e+00
  2.0605545e+00
 -1.3537353e-01
 -7.8293920e-01
  1.1292976e+00
  1.2142706e-01
 -5.0380725e-01
  1.1091626e+00
 -1.3151504e+00
  3.9849296e+00
 -2.3359194e-01
 -1.6068505e+00
  1.2365718e+00
  3.2444501e-01
  1.5469066e+00
 -7.3160571e-01
  3.2469264e-01
  3.6287481e-01
  7.3144644e-02
  3.7007013e-01
  1.5218823e+00
 -3.3003473e-01
  7.1499527e-01
  3.1301340e-01
  1.0219769e-01
  2.8495061e-01
  8.8889068e-01
 -2.5085571e-01
 -7.8519887e-01
 -2.2042741e-01
  1.1187981e+00
 -2.4890706e-01
 -4.5584601e-01
  9.8942548e-01
  1.1198095e+00
  9.4904727e-01
 -1.6059064e+00
 -3.6735311e-01
  3.4819087e-01
  2.5889347e+00
 -1.2360561e-01
  2.2928295e-01
 -7.2123575e-01
  3.1297970e+00
  9.7301674e-01
  1.8739814e-01
  2.8994687e+00
 -1.3724792e+00
 -5.0028700e-01
 -1.3229659e+00
  4.1896805e-01
  5.6298697e-01
 -3.5674851e+00
  2.7287199e+00
  1.3662236e+00
  1.4835594e+00
 -1.0286285e+00
  2.6375351e+00
 -1.3678969e-01
  2.3199022e+00
 -1.5754187e-01
 -9.2050296e-01
 -1.3734815e+00
  2.2539008e-01
  2.2496982e-01
 -3.1514902e-02
 -3.0792654e-02
  1.8436269e+00
  1.4031515e+00
 -1.7940104e-02
 -2.0379210e+00
  2.2662597e+00
 -2.2720823e+00
 -3.4362323e+00
  5.7569534e-01
 -4.5946841e+00
 -2.0975952e+00
  3.3487177e+00
  4.0171590e+00
  1.1469243e+00
  9.6937120e-01
 -1.4009775e+00
  2.9927578e+00
  1.7481115e-01
  8.8208419e-01
 -4.8814271e-02
  2.2059658e+00
  2.1941814e+00
 -6.2633413e-01
  1.1148401e+00
 -1.3801616e+00
  1.0087308e+00
  7.9824567e-01
 -3.4585052e+00
 -3.9282665e-01
  3.4777021e-01
 -1.3090231e-01
 -1.6016408e+00
 -2.9446039e-01
 -1.9445676e-01
 -3.5006329e-01
  7.6973784e-01
  4.0737063e-01
  1.0380573e+00
 -4.0501541e-01
 -2.1155574e+00
  2.5250835e+00
 -7.8137797e-01
  5.3003013e-01
  3.1519964e-01
  1.1115464e+00
  9.9991746e-02
 -3.9149633e-01
  1.2022738e+00
 -1.2316504e+00
  1.0534497e+00
 -1.6920164e+00
 -1.4702857e+00
  1.2485154e+00
 -6.5123260e-01
  1.6464413e+00
 -1.6064262e-01
  3.2096246e-01
  4.3937904e-01
  4.0418282e-01
  6.7579859e-01
 -4.2684019e-01
  2.2440381e+00
  4.2909971e-01
  2.1792805e+00
 -1.2100592e+00
  4.7560111e-01
 -1.3603142e+00
  6.8165606e-01
  7.8078139e-01
 -8.4248289e-02
  5.5107558e-01
 -4.6713543e+00
 -2.2479019e-01
  8.4049493e-01
 -9.2291224e-01
  7.3606640e-01
 -1.8308208e+00
 -1.1084114e+00
  8.9969003e-01
  1.9446415e+00
  9.4208384e-01
 -8.4209657e-01
  2.7438080e+00
  7.5378805e-01
  3.5429123e-01
 -3.8431090e-01
  2.1681175e-01
  1.0622814e+00
  1.6962695e+00
  7.1936649e-01
  2.3886724e-01
 -2.4574890e+00
  3.1118648e+00
  1.8411942e+00
  2.9802862e-01
 -4.9236941e-01
 -8.7338090e-03
 -2.0562296e+00
  2.0453594e+00
  1.9528401e-01
  1.3885213e+00
 -3.0825695e-01
  8.8147759e-01
 -2.2343163e+00
  2.5081925e+00
 -1.7865664e+00
 -1.0986567e+00
 -3.6731828e-02
 -1.3541598e-02
  1.5542352e-01
  3.1656006e-03
  2.3592331e+00
 -5.2384543e-01
 -2.9035115e+00
  8.8007319e-01
 -7.6050866e-01
 -4.2349529e-01
  1.8642443e+00
 -2.6923265e-02
 -5.5115420e-01
  4.3214474e-02
 -4.4007275e-01
  8.9393482e-02
  2.3500633e-01
  5.8256737e-03
  4.0298748e-01
  6.5756392e-01
  7.0503958e-02
 -9.2322415e-01
  1.6517004e+00
  1.7126181e+00
 -2.6266167e+00
 -4.6392399e-01
  6.6790581e-01
 -6.2595153e-01
  4.9657011e-01
  6.1665726e-01
  5.4385149e-01
  1.6162047e+00
 -1.4620024e-01
 -3.1907651e-01
  6.5247679e+00
  6.4555174e-01
  3.7399355e-01
  1.0181507e+00
  1.0102646e+00
  2.2894232e+00
  2.7631619e+00
 -3.7704768e+00
 -6.9702345e-01
 -4.9592406e-01
  2.0962791e+00
  1.8310401e+00
  4.3539733e-01
 -3.6544672e-01
 -1.1557956e+00
  1.7665206e+00
  5.5500758e-01
 -1.5370129e+00
 -6.9261706e-01
  2.3984056e+00
  1.5317311e+00
 -2.6626689e+00
  6.5811616e-01
  4.2209592e-01
  8.2703084e-01
 -5.6201816e+00
  1.7048451e-01
  1.4243512e+00
 -3.8143951e-01
 -1.3787142e+00
  6.7911220e-01
  1.3549725e+00
 -1.1854599e+00
 -7.9761738e-01
  1.1821312e+00
 -1.6196444e+00
 -3.2173984e+00
  1.7940469e+00
  3.2775916e-02
 -7.0384258e-01
  6.9029325e-01
  3.0261572e-02
 -5.3652029e+00
 -3.3941042e-01
  2.5496751e-01
 -1.1717107e+00
  4.4524570e+00
  6.8936825e-02
  6.8774271e-01
  1.3674150e-01
  4.0307093e+00
 -2.6551597e+00
  8.2176435e-01
  1.7943841e-01
 -2.9544117e+00
 -1.6267765e+00
  1.6475122e-02
  1.2573496e+00
  2.8549528e-01
  9.0361714e-01
  5.7850415e-01
  1.3529648e+00
  5.3019160e-01
  1.0168775e+00
 -2.0945640e-01
  3.6544782e-01
 -1.8248432e+00
  9.0896773e-01
  6.0883498e-01
 -3.5297766e-01
 -2.0661278e+00
 -6.5173692e-01
  1.8517367e+00
  1.2633476e-01
 -1.7517194e+00
  1.1132796e+00
  8.3477521e-01
 -2.9693863e-01
  2.8740749e+00
  2.2174487e+00
 -2.4457142e+00
 -5.8420640e-01
  6.4887846e-01
  1.6073263e+00
 -8.7371445e-01
 -4.1349438e-01
  4.0116042e-01
 -2.4893467e+00
  1.0910292e+00
 -3.6160702e-01
 -1.1428635e+00
 -1.6267104e+00
 -2.2302896e-01
 -1.5354265e+00
  7.0236486e-01
  4.4472876e-01
 -3.0230460e-01
 -2.5004062e-01
 -1.9204901e-01
 -4.7211406e-01
  5.7611400e-01
  6.3669771e-01
 -9.4845259e-01
 -1.8511644e-01
 -2.8771451e-01
 -2.5647342e-01
 -3.5844588e+00
  1.1995251e+00
  5.5212677e-01
  2.0517163e+00
 -5.4903299e-01
  9.7164977e-01
 -1.2341434e+00
 -1.4606529e+00
  2.1324391e+00
  1.1459390e+00
 -1.4927799e+00
 -2.7651186e+00
  5.7862872e-01
 -7.1245718e-01
 -8.4281564e-01
  6.3856888e-01
 -5.1413041e-01
  5.2080661e-01
  8.1213868e-01
  2.6980668e-01
  2.7625196e+00
 -2.0686429e-02
  9.9838704e-01
  1.1657380e-02
  1.9075437e+00
 -1.4731286e+00
  4.8207244e-01
  3.2581198e-01
 -4.3051383e-01
  3.1507894e-01
  7.6372391e-01
 -1.5917931e-01
  2.5192299e-01
 -6.3832724e-01
 -2.1129125e-01
  2.5677508e-01
  1.0513148e+00
  1.0363107e+00
 -4.3317609e+00
 -4.2895561e-01
  2.9997039e+00
  2.5808990e+00
  4.9433580e-01
  5.7129586e-01
 -3.7466931e+00
  3.1907237e+00
  1.0032871e+00
 -6.5984946e-01
  8.2929254e-01
  6.3524020e-01
 -3.3930469e+00
  3.1698874e-01
 -7.2337407e-01
 -6.1638033e-01
 -1.3086306e+00
 -8.8934743e-01
 -3.2243211e+00
 -7.9550844e-01
  7.8897768e-01
 -7.7618021e-01
  1.1473507e+00
  6.9696790e-01
 -5.9631425e-01
 -6.2979871e-01
  1.1375096e-01
  4.3908706e-01
 -1.9599915e-01
  6.3114321e-01
 -5.9846139e-01
 -5.4990683e+00
 -2.6798866e+00
 -2.2396002e+00
 -3.4124355e+00
  7.0043057e-01
 -4.0152378e+00
 -3.8129585e+00
 -1.0373862e+00
 -3.0391651e-01
  1.2955141e-01
 -9.7582543e-01
  2.3652222e+00
  2.9506497e+00
 -5.8063686e-01
  3.1610510e-01
 -8.6231285e-01
  3.5164773e+00
 -3.1378195e-01
  1.9387447e+00
  2.3507646e-01
 -4.7800802e-03
  1.6502781e+00
 -6.5901840e-01
  1.9161609e-01
  1.7312142e+00
  1.0627186e+00
 -1.4392796e+00
 -3.5210508e-01
  2.2501789e-01
 -2.0918362e+00
 -2.3707151e+00
  1.7085133e-01
  2.8296855e-01
  3.5523260e-01
  4.2459267e-01
 -1.0035913e+00
  1.8885946e-02
  1.0064701e+00
  1.5826099e+00
  2.7354374e+00
  7.4034983e-01
  1.2578132e+00
 -1.3024013e+00
 -2.1444444e-01
 -3.6760882e-01
 -6.5928704e-01
  4.2718754e+00
 -8.9347410e-01
 -4.0922031e+00
  2.7020830e-01
  1.0747831e+00
  1.9395918e+00
  2.2755742e-01
  4.9474892e-01
  1.1129646e+00
  4.2640117e-01
  5.9056360e-01
 -1.3899712e-01
 -8.6895007e-01
  2.1099737e+00
 -8.6754459e-01
 -9.6850872e-01
 -1.1301051e+00
  2.0763764e+00
  1.2304556e+00
  5.0098127e-01
 -9.8430657e-01
  1.4589553e+00
 -6.7694628e-01
  2.3535100e-01
 -4.8456532e-01
 -9.4212931e-01
  1.3828031e+00
  5.4983568e-01
 -5.8129305e-01
 -6.4028442e-01
  3.6602005e-02
 -7.3887181e-01
 -3.7655118e-01
  1.0112323e-01
 -2.4139984e-01
  2.2309458e+00
 -2.8505269e-01
  8.6001611e-01
  6.3199557e-02
 -3.0284810e+00
  1.8742845e+00
 -3.0516046e-01
  1.5567139e+00
  3.4905858e-03
  2.7906728e+00
 -3.4603162e+00
  2.3498273e+00
  2.1984738e-01
 -8.5383242e-01
 -2.7388465e-01
 -1.8145833e+00
 -7.0929253e-01
 -1.0339121e+00
  3.0055404e-01
 -1.5671121e-01
 -3.5009593e-01
 -2.3688731e+00
  4.3629080e-01
 -9.3101567e-01
 -4.9578923e-01
 -9.4337183e-01
 -1.5406463e+00
  2.0958989e+00
  2.0740919e+00
 -8.0259401e-01
 -2.8792474e+00
 -4.9480945e-02
 -7.6103337e-02
 -8.0206198e-01
  9.3435943e-01
  8.5021544e-01
 -1.2473266e+00
  1.2153610e+00
  9.8025215e-01
  1.4235200e+00
 -2.0892537e+00
 -2.8000929e+00
  8.7705976e-01
  9.4054347e-01
  2.8447428e+00
 -3.0809038e+00
 -4.5481685e-01
 -1.1696734e-01
 -1.5264643e+00
  1.2800328e+00
 -1.3497562e+00
  3.8073951e-01
  3.4217033e-01
 -2.3259127e-01
 -4.6213871e-01
 -1.7258554e+00
 -4.5984143e-01
  4.4410133e-01
 -1.8167917e+00
  6.8908496e+00
  3.0755773e+00
 -4.9938452e-01
  2.9318261e-01
  6.2648118e-01
  1.0084945e+00
  1.1788524e+00
 -5.0863070e+00
 -7.9554833e-02
 -3.8164914e-01
  4.1994586e+00
  1.7840066e+00
 -5.2536135e+00
 -4.3548498e-01
 -2.3131309e+00
  2.8766315e+00
 -1.2492856e+00
 -3.1171455e+00
  1.9035256e+00
 -1.4921755e+00
 -1.9060074e-01
 -2.0019007e+00
  1.0473526e-02
 -3.8314635e-01
 -3.9284948e-01
  1.2069023e+00
  1.1800170e+00
  3.2503745e-01
 -1.8497871e-01
 -1.8727673e+00
 -8.6645655e-02
 -2.0204656e-01
  3.6065915e-01
  5.8689618e-01
  2.2845788e-01
 -2.3444970e+00
 -1.6627963e+00
 -3.3474274e+00
 -1.8408201e+00
 -1.4024874e+00
 -2.5443023e-01
  2.5677631e+00
  2.4179726e+00
 -4.5891547e-01
  1.0368055e+00
  3.5452783e-01
  5.3064623e+00
  2.4670428e-01
 -3.4604955e-01
  9.5266122e-01
 -2.4804709e+00
 -1.8724572e-02
 -2.3939523e-01
  8.6684167e-01
  3.4758170e+00
 -8.2291618e-02
  2.0637562e-02
 -5.2758616e-01
  2.1986055e+00
 -1.9433072e+00
  4.4946609e+00
 -6.9714969e-01
  1.4005237e+00
 -1.8820137e-01
 -2.0864215e+00
 -5.5100662e-01
 -6.0926932e-01
 -1.2798822e+00
 -1.4961358e+00
 -1.6010518e+00
 -1.4874237e+00
  3.9776848e-03
  4.4204372e-01
  6.4165819e-01
 -2.5536447e+00
 -5.7948761e-02
  4.2986816e-01
  1.9823532e+00
 -3.4688807e-01
  7.1333897e-01
 -2.8469322e+00
  1.4215583e+00
 -1.2546588e+00
 -8.7485656e-02
 -1.9148932e-01
 -1.0109283e+00
 -8.5208869e-01
  6.2053198e-01
  1.3907697e+00
  3.4055063e-01
  8.2567781e-01
  7.6903188e-01
  6.5084529e-01
  4.4003602e-02
 -1.8191603e+00
  7.4128067e-01
 -1.4912686e-01
  8.6160675e-02
 -7.1110278e-01
 -5.7161427e-01
 -4.6756923e-01
  4.0854511e-01
 -1.6281003e+00
  4.5280147e-01
 -9.3947195e-02
  2.3157628e+00
  4.5186424e-01
 -1.3115129e+00
 -2.0028849e+00
 -1.3199234e+00
 -2.7881113e-01
 -3.6667435e+00
 -2.7336769e+00
  1.3633755e+00
 -1.1446836e+00
  2.1751375e+00
  7.5715315e-01
 -1.7735730e+00
 -1.9819845e+00
  1.0575325e+00
 -7.3636878e-01
  1.5230919e+00
  1.8270800e-01
  1.3744812e+00
  2.2516997e+00
  4.1335506e+00
  6.7522860e-01
 -4.7080898e-01
  8.6305445e-01
 -2.2869328e-02
  2.6305899e-01
 -1.4800007e+00
  2.2877195e+00
 -4.2930850e-01
 -7.9210716e-01
 -5.3805184e-01
  1.4113791e+00
  1.1359408e-01
  2.6053151e-01
 -9.8344535e-01
 -1.8359967e-02
 -6.9123989e-01
  1.5232434e+00
 -5.5887973e-01
  9.6737248e-01
  1.5550143e+00
 -5.6043074e-02
  5.8914471e-01
 -3.8606752e-02
 -2.2693085e-02
  3.6338592e-01
 -2.0254607e+00
 -1.4916626e+00
 -2.9832871e+00
 -2.4576934e-01
  8.3277327e-01
 -3.9798012e+00
 -1.2226220e-01
 -1.3952343e+00
 -8.0508256e-01
 -3.8573340e-01
 -8.3985108e-01
  9.1840059e-01
 -1.2204632e+00
 -1.9194930e+00
 -1.3759207e+00
 -1.6149533e+00
  2.3985383e-01
 -2.1355340e+00
 -8.9386773e-01
 -7.5313419e-01
 -1.1419995e+00
 -1.6306106e+00
 -5.0044041e+00
  1.9653349e+00
  3.9077785e+00
  1.2696126e+00
 -4.1329715e-01
 -1.3809317e+00
 -9.5937616e-01
  7.9730153e-01
 -2.2348692e+00
 -3.1793847e+00
 -1.1830652e+00
 -1.2857407e+00
  1.8210869e-01
 -1.3546164e+00
 -9.1648924e-01
 -1.8197354e+00
 -5.0050712e-01
 -3.0997000e+00
  2.6451678e+00
 -8.1232154e-01
  5.2907757e-02
  2.2016256e+00
 -2.5668252e+00
 -1.5989305e+00
 -1.5839612e+00
  5.8303237e-02
  2.2484007e+00
 -2.9347062e+00
  2.1345565e+00
 -1.7459768e+00
  5.3261846e-01
  3.4546891e-01
  6.2056297e-01
 -7.3479348e-01
  1.2829621e+00
 -4.2370874e-01
  6.1607862e-01
  4.7286996e-01
  4.9063033e-01
 -1.0473167e+00
 -1.0469785e+00
  6.0909754e-01
 -2.5421102e+00
  3.3722899e+00
  3.2441504e+00
 -1.3269342e-01
  2.0086396e-01
 -2.3372185e+00
  3.2728097e+00
  2.5382462e-01
 -6.0504615e-01
 -6.4859056e-01
  4.4577366e-01
  1.7461886e-01
  1.2713424e+00
  6.5888935e-01
  6.5242350e-01
 -1.0244697e+00
  1.3852296e+00
  1.5989879e+00
  1.4428859e+00
 -9.7098953e-01
 -9.3784755e-01
  7.8262216e-01
 -6.0857296e-01
  4.2316160e-01
 -1.2541062e+00
  6.8629158e-01
 -1.6115483e+00
 -2.9131493e-01
 -1.0252305e-01
 -5.7635736e-01
  9.6685767e-01
 -2.1006215e+00
  2.5757289e+00
 -2.8746068e+00
  1.3779926e+00
  2.3619920e-01
 -1.8376213e-02
  4.1636887e-01
 -5.1038730e-01
 -4.8188564e-01
  2.2014174e+00
  1.4378808e-01
 -3.3620977e+00
 -1.1188120e+00
 -3.6887261e-01
 -7.7984577e-01
 -2.4399953e+00
 -4.7010520e-01
 -8.9937961e-01
  1.0382121e+00
  5.1516373e-02
 -1.2099664e+00
 -2.1235981e+00
 -2.0220840e-01
  2.3138678e+00
  3.8446921e-01
  1.3289376e+00
  1.1446506e+00
  6.5813154e-01
  1.7119620e+00
  3.1538317e-01
  1.9942361e-01
  1.1138167e+00
 -7.2798020e-01
 -1.1441087e+00
  3.9432163e+00
  2.6675596e+00
 -2.3075302e+00
 -1.9689450e-01
 -2.7679220e-01
 -2.0301494e-01
 -1.5671262e+00
  1.9096822e+00
  4.1677108e-01
 -3.9237306e-01
  1.8936936e+00
 -1.6225164e+00
  1.5040061e+00
 -1.1427970e+00
  1.8730968e-01
 -1.8472767e+00
  5.9316659e-01
  2.6797242e+00
 -1.0524520e+00
 -3.3218586e-01
 -6.6598552e-01
 -7.2021478e-01
  6.6977012e-01
 -2.7558208e-01
  1.7877368e+00
  1.2550229e+00
 -4.6963257e-01
 -6.0354799e-01
  1.4953718e-01
 -1.4035734e+00
  3.9167386e-02
  1.2926273e-01
  4.6716550e-01
  2.0012400e+00
  1.3634448e-01
  5.6473012e-03
 -4.1540427e+00
 -2.4990976e+00
 -1.3507481e+00
  2.0002594e+00
  6.0320807e+00
 -3.7420037e+00
  2.8832834e+00
 -2.7598524e+00
 -2.8673635e+00
  1.3112227e+00
  4.8211893e-01
  1.9269004e+00
 -1.2081305e+00
 -1.8185744e+00
 -2.0369146e+00
  1.2095840e+00
  3.7919527e-01
 -8.8860646e-02
  1.4875530e+00
  1.9844813e+00
  5.4480538e-02
  2.5282681e+00
 -1.3784150e+00
  1.1077285e+00
 -8.8896829e-01
 -2.7328174e+00
 -9.6875983e-01
 -4.7896525e-01
 -1.5293736e+00
  3.9255339e-01
  9.1856694e-01
 -5.7433444e-01
 -6.8027723e-01
 -2.7418891e-01
 -5.0535011e+00
 -4.4059995e-01
 -2.5691974e+00
 -1.0277868e-01
 -1.7749015e+00
 -1.3698550e+00
 -1.2630101e+00
 -2.2447839e+00
 -1.1274995e+00
  1.2199811e-01
 -3.6039076e+00
  7.4508530e-01
  3.5467234e+00
 -4.0872478e-01
 -8.3577067e-01
 -1.3527918e+00
 -1.6119127e+00
 -1.0925908e+00
 -2.8256777e-01
  3.5970421e+00
 -1.7586634e+00
 -6.3467550e-01
  5.7845765e-01
 -1.0613193e-01
  2.1627164e+00
  1.6880121e+00
 -2.1804600e+00
 -3.3428830e-01
  9.9576968e-01
 -1.8368815e+00
  5.4909503e-01
  8.7784332e-01
  3.4586948e-01
  1.8977202e-01
  1.2116268e+00
 -1.4136270e-01
  1.5807506e+00
 -1.3629262e+00
 -7.4383289e-01
 -3.6644299e+00
 -9.5636255e-01
 -1.3315359e+00
 -1.1927649e+00
  5.2068269e-01
  5.0153977e-01
 -8.9362431e-01
  1.3585626e+00
  6.8415123e-01
 -1.9228333e+00
  5.3069603e-01
  8.2762921e-01
  2.3697157e-01
  1.1801450e+00
  8.7566084e-01
  2.7339194e+00
 -2.7365646e+00
  1.8559788e+00
 -1.7023984e+00
 -2.3380036e-02
 -1.1144290e+00
  3.8869351e-01
 -4.2813960e-01
  4.6708068e-01
  5.0053036e-01
 -2.9822199e+00
 -2.9169706e-01
  8.0638963e-01
 -5.1713848e-01
 -1.0193342e+00
 -1.3399401e+00
 -5.3244896e+00
 -3.5731404e+00
  3.8458159e+00
  3.7115998e+00
  4.3479152e+00
  2.8742379e-01
 -1.2951622e+00
 -1.3943746e+00
  2.0058360e+00
 -1.6033107e+00
  1.4533062e+00
  1.1457530e+00
 -2.2512748e+00
  2.9145162e+00
 -7.9528135e-01
  5.1889759e-01
  2.2973142e+00
  2.1821351e+00
  7.2908988e+00
  3.7659345e+00
 -2.0142908e-01
  3.9294777e+00
  9.3159890e-01
  6.9843702e+00
 -6.6516000e-01
  6.8122625e-01
  3.4409575e+00
 -1.7827488e-02
 -4.1801426e-01
 -3.5701647e-01
 -1.0134593e+00
  2.8697252e+00
 -2.0232806e-01
 -1.4808140e+00
 -3.1888628e-01
 -1.2671458e+00
  9.5873684e-01
  2.0872767e+00
  5.8933175e-01
  1.6648839e+00
  6.9571716e-01
 -1.8352507e+00
  8.2844138e-01
  2.3065048e-01
 -9.9846222e-02
 -1.0017312e+00
 -1.5984274e+00
 -1.0872921e+00
  2.0078149e-01
 -2.9021755e-01
  4.8728418e-01
  1.0488095e+00
 -2.1127784e+00
 -1.3315419e+00
  1.0836008e+00
  2.2731071e+00
  1.9244739e+00
 -1.4814761e+00
 -8.9643371e-01
 -2.8101352e-01
 -1.9834775e-01
 -3.9716251e+00
 -2.6462276e+00
  3.8041551e-02
 -3.9257699e-01
 -6.2270874e-01
 -4.8943639e-01
 -1.3956889e+00
  2.1746488e-01
  6.5283394e-01
 -5.3966695e-01
  7.6340342e-01
  2.1222720e+00
  1.4544097e+00
 -1.5338128e+00
  1.1163753e+00
  8.5563636e-01
  1.6038966e+00
  7.3609138e-01
 -3.8067260e+00
  2.0650504e+00
 -1.5462974e+00
  1.9704303e+00
  9.8087329e-01
 -2.8534007e+00
 -5.0944346e-01
 -1.5975007e+00
 -1.6736141e+00
  1.7745274e-01
 -2.2309365e+00
  3.6386843e+00
 -3.4656713e+00
 -9.8996323e-01
 -8.9127845e-01
  1.9833802e+00
  8.4102196e-01
  2.1329267e+00
 -1.7910084e+00
 -1.7621485e+00
  1.7917143e+00
  2.5309590e-01
  1.6101518e+00
  1.5890967e+00
  7.1482801e-01
  1.8740137e+00
 -8.2037765e-01
 -7.8541023e-01
 -1.3470377e+00
 -9.0169364e-01
  1.7140166e+00
  1.2698939e+00
 -4.3875748e-01
  1.1267033e+00
  7.7680206e-01
 -5.2916206e-02
  1.0672516e+00
 -4.2905846e-01
  1.0787560e+00
 -1.1411050e-01
 -1.3445737e-02
 -1.5702015e+00
  2.0754788e+00
 -1.2249521e+00
  2.3168533e-01
 -1.4526675e+00
  2.5160363e-01
  2.6114297e+00
  4.1730407e-01
  2.2647198e-01
  7.7760285e-01
  1.3666155e+00
 -4.8747759e-05
  7.3610556e-01
  2.5425093e+00
 -2.6276711e-01
 -3.6513317e-01
  9.0375197e-01
  7.5888175e-01
 -1.0462936e+00
  1.3818351e+00
 -5.1629025e-01
 -1.8666605e+00
 -1.6609206e+00
 -1.0998440e-01
 -3.5840828e+00
 -1.0233488e+00
 -2.1781707e+00
 -2.5473365e-01
  1.8326102e-01
  7.7799970e-01
  2.8399244e-01
  1.2744927e+00
  2.5886154e-01
 -8.3027703e-01
  3.1162867e-01
  4.1126812e-01
  8.3494127e-01
  8.8095319e-01
  1.6471621e-01
  7.3658001e-01
 -8.9479399e-01
  1.1376631e-01
 -1.3920541e+00
  4.4629368e-01
  2.8916767e-01
  4.7219864e-01
  3.5363448e-01
  3.9684647e-01
 -1.4782211e-01
  2.7507689e+00
 -4.7218493e-01
  5.3435344e-01
 -3.5718128e-01
  5.8147770e-01
 -3.5673138e-01
 -7.1409065e-01
  1.3404204e+00
  5.4922295e-01
  1.5713165e+00
  2.9013452e-01
 -2.0461135e-01
 -7.4386281e-01
 -2.4506106e+00
  1.5385132e-01
 -6.8774903e-01
  1.1819267e-01
  3.0319208e-01
 -4.3475863e-01
 -1.4472960e-01
 -3.2850034e+00
 -6.3879085e-01
  2.6486409e-01
 -1.6802701e+00
 -4.4037697e-01
  5.6676674e-01
  5.9258699e-01
  2.5755027e-01
  5.8058101e-01
 -1.5802792e+00
 -7.1854734e-01
 -6.5287662e-01
  5.3689045e-01
  5.5672461e-01
  6.4352244e-01
 -6.1011791e-01
 -1.7850777e+00
 -1.8880270e+00
 -6.1896420e-01
 -4.6316677e-01
  6.7762405e-01
  3.2457060e-01
 -4.5215833e-01
 -7.4771613e-01
 -7.6561302e-01
 -2.5765550e-01
  3.3194247e-01
  8.4041703e-01
 -3.8578546e-01
 -7.0912486e-01
 -3.4508988e-01
  4.5746708e-01
 -4.1428417e-01
  2.8852274e+00
  2.4673752e-01
 -1.2151554e+00
  9.8063594e-01
 -9.4167036e-01
 -2.3234762e-01
 -2.9827361e+00
 -1.9987574e-01
  2.0126066e+01
 -2.1220167e+00
 -3.5058734e+00
  3.0018988e+00
  1.4276818e+00
 -6.6946158e+00
 -2.5465055e+00
  3.0429623e+00
  5.4183216e+00
 -7.7619028e-01
 -3.4969118e+00
 -7.3016191e+00
 -1.7222154e+00
  2.2435218e-01
 -3.9881647e+00
  5.6196856e-01
  4.2658553e+00
  7.4812281e-01
  3.0529532e+00
  7.1321678e-01
  1.8191031e-01
  8.2629174e-01
 -7.4728590e-01
  2.8126163e+00
 -7.1271653e+00
 -3.1795254e-01
  4.5599957e+00
  5.0689363e+00
 -1.7577537e+00
 -1.3091168e+00
 -1.7473332e+00
  1.1585722e+00
 -7.1945560e-01
 -1.5810995e+00
 -1.0224848e+00
  3.5712593e+00
  3.8867342e+00
 -9.0598041e-01
 -2.1763539e+00
  1.1146898e+00
  6.4989619e+00
  5.4564571e+00
 -3.5949869e+00
 -6.0180402e+00
 -2.1255903e+00
  2.0921965e+00
  1.4204311e-01
  3.1496754e+00
 -4.4526401e+00
 -2.9995444e-01
  3.6035011e+00
  5.2702713e-01
  7.4935865e-01
  1.7975729e+00
  1.3592644e+00
 -1.8973451e+00
 -4.0920115e+00
  6.5448780e+00
  4.2657018e+00
 -2.9347482e+00
 -3.3474650e+00
 -1.6215163e+00
 -7.0250326e-01
 -8.5809392e-01
  1.2769005e+00
  8.3281412e+00
 -1.0009906e+00
 -4.9237709e+00
  1.6992534e+00
  4.6613688e+00
  4.7011173e-01
 -3.4016671e+00
 -1.5866208e+00
 -1.3080939e-02
  2.4487374e+00
  4.1649094e-01
 -3.2598469e-01
 -2.1584206e+00
  1.6456582e-01
  3.2323938e-02
  8.5349256e-01
 -1.2260854e+00
 -3.2826703e+00
 -4.5743780e+00
  1.9408752e+00
  1.5254618e+00
 -2.0270345e+00
  1.6816525e+00
  4.4447951e+00
  1.4934634e+00
 -2.3296809e+00
  4.1251560e-03
  4.1251560e-03
  4.1251560e-03
  4.1251560e-03
  4.1251560e-03
  5.2743582e-03
  5.2743582e-03
  5.2743582e-03
  5.2743582e-03
  5.2743582e-03
  4.1027446e-03
  4.1027446e-03
  4.1027446e-03
  4.1027446e-03
  4.1027446e-03
  2.3731452e-03
  2.3731452e-03
  2.3731452e-03
  2.3731452e-03
  2.3731452e-03
  1.4660439e-03
  1.4660439e-03
  1.4660439e-03
  1.4660439e-03
  1.4660439e-03
  7.1759237e-04
  7.1759237e-04
  7.1759237e-04
  7.1759237e-04
  7.1759237e-04
  5.9611837e-05
  5.9611837e-05
  5.9611837e-05
  5.9611837e-05
  5.9611837e-05
