nep4_zbl 1 C 
zbl 1 2
cutoff 6 5 44 34
n_max 4 4
basis_size 8 8
l_max 4 2 1
ANN 80 0
  2.2097640e+00
  3.3447540e+00
 -8.9623109e-02
 -3.8362989e-01
  1.3543829e+00
  2.2471739e-01
 -1.6376270e+00
  6.4836878e-01
 -8.0074102e-01
  4.2318127e-01
  5.2238610e-03
 -1.4860861e+00
 -1.1468842e+00
  1.5786329e-01
  1.8104765e+00
 -6.5069997e-01
 -1.2938913e+00
 -1.8339738e+00
  9.8351496e-01
  1.7703258e+00
 -7.3806322e-01
  1.1471225e-01
  9.9045008e-01
  2.4272413e+00
 -5.5361795e-01
 -7.8847134e-01
 -1.1733313e+00
  3.6887106e-02
  3.3860904e-01
  1.2090048e+00
 -4.9895203e-01
  1.7270155e-01
  1.7309740e-01
 -3.9521236e-02
 -1.7727284e+00
  1.5002609e+00
  1.1691244e+00
  3.0657539e+00
 -1.1824069e+00
  1.0433394e+00
  1.4352868e+00
  1.8822455e+00
 -3.0189283e+00
  1.4934888e+00
 -1.2098855e+00
  2.1735663e+00
  9.4846058e-01
 -1.0344807e+00
  4.4271839e-01
 -8.7453943e-01
  2.0702822e+00
 -2.7893615e+00
 -1.7501473e+00
 -1.8892894e+00
 -3.8274363e-01
  4.1750386e-01
 -1.9552585e+00
  1.6902561e+00
  4.5193833e-01
 -7.3993039e-01
  9.1942078e-01
  3.1844832e-02
  3.2540088e+00
  2.8110906e-01
 -1.2429690e+00
  3.4700117e-01
 -6.8561602e-01
  1.7067817e+00
  2.6417064e-02
 -7.5868446e-01
 -1.2266391e-01
 -1.1757826e+00
  3.2517210e-01
 -1.1345917e+00
  1.2974980e+00
 -1.4477186e+00
  2.7431171e+00
  4.3783867e-01
  3.9058998e-01
  1.0623270e+00
 -4.6151420e-01
  5.5407280e-01
  3.5068882e-01
  1.5706674e+00
  7.0816386e-01
  1.1266172e+00
 -2.6469952e-01
 -1.4253117e+00
  4.8488744e-02
  2.3600278e+00
 -5.1060198e-03
  2.3126290e+00
  3.0763891e-01
 -1.0597209e-01
  8.6926264e-01
 -1.2839139e-01
 -3.5078747e+00
  8.0807221e-01
  1.2307209e+00
 -1.0048000e+00
 -1.4038508e+00
 -7.0904464e-02
  7.0519072e-01
 -1.7101675e+00
  7.3066950e-01
 -2.1313076e+00
 -1.0610762e+00
 -1.6767980e+00
  2.5191662e-01
  4.3998011e-03
 -2.2194967e+00
  2.3366889e-01
  3.0278103e+00
  3.8489118e-01
  3.9322704e-01
 -2.8201172e-01
  2.6042674e+00
  7.8297561e-01
  3.5299629e-01
 -2.2577074e-01
 -2.7411053e-01
  2.3055401e+00
  2.3970811e+00
  7.1824633e-02
 -3.2577658e-01
 -2.9168156e-01
  1.2179489e+00
  1.1163472e+00
 -7.5770336e-01
  3.3046699e-01
  1.3536943e+00
 -7.6890033e-01
 -2.3387055e+00
 -1.4559495e+00
  3.6272046e-01
  1.0224844e+00
 -1.3481958e-01
 -3.0176091e-01
  1.2236987e+00
  3.2083866e-01
 -1.1212296e+00
 -5.5470479e-01
  2.3399481e-01
 -3.4877691e-01
  4.6763161e-01
  2.5667223e-01
 -2.2585842e-01
  3.8424128e-01
 -1.6611069e+00
  1.0816214e+00
 -2.0423965e-01
 -1.5001372e+00
 -9.1483867e-01
 -1.3829952e-01
  1.1753318e+00
 -1.7913628e-01
  6.7862970e-01
  2.5577083e-01
  1.5206091e+00
  4.1770375e-01
  1.4397404e-01
  4.2627949e-01
  6.2194145e-01
 -3.7936747e-01
  1.3918952e+00
  1.0043156e+00
  4.2467231e-01
 -3.8997346e-01
  3.8648197e-01
 -4.7574475e-01
  8.3279186e-01
  3.1626143e-02
 -7.9477036e-01
  5.7977978e-02
 -4.4199041e-01
 -1.7884556e+00
 -2.5281794e+00
  7.0925474e-01
  1.2173875e-01
  1.8338578e+00
 -2.3345239e-01
  1.5757212e-01
  2.1512175e+00
 -3.7091604e-01
  3.5284166e+00
 -2.0633407e+00
 -4.9176514e-01
  2.6450312e+00
 -1.2723671e+00
  1.5713614e+00
 -6.0948539e-01
  1.7831563e+00
  2.9450092e+00
  6.2705666e-01
  3.0317669e+00
  4.4909185e-01
 -8.3662128e-01
 -5.4350060e-01
  8.4615037e-02
  1.6327716e+00
 -3.7417817e+00
  2.5518599e-01
  7.6253003e-01
  1.8204704e-01
  6.5399951e-01
 -4.6168005e-01
 -2.2299072e-01
  9.2644399e-01
 -2.5229096e-01
 -1.3901628e+00
 -1.1557083e+00
 -3.9159665e-01
  1.0225214e+00
  1.3802255e+00
  2.3588188e+00
 -3.8141191e+00
 -6.1749619e-01
  9.2297655e-01
  1.9868974e-01
  1.5768499e+00
 -1.4907013e+00
 -1.7041448e+00
  2.1680825e+00
  9.3816566e-01
  1.6193241e+00
 -5.3430039e-01
 -1.5587028e+00
 -1.0998400e+00
  2.5872979e+00
 -1.6506122e+00
 -1.8042034e+00
 -2.6553018e+00
 -1.3366024e+00
  1.9344176e+00
  7.9892969e-01
 -1.0821601e+00
  8.2376605e-01
  3.3191952e-01
 -5.0757331e-01
  3.4953696e-01
 -2.0861785e-01
  3.9541829e-01
  4.5102608e-01
  6.5278364e-03
 -8.6752480e-01
 -4.8698101e+00
 -4.6783876e-01
 -6.2320960e-01
 -3.3271706e-01
  2.5550470e+00
 -3.6360447e+00
 -2.7446084e+00
  1.2722030e+00
  1.1030180e-01
 -2.0326552e-01
 -6.1365947e-02
 -1.8400239e+00
  1.3605400e+00
  7.5067639e-02
  1.0799913e+00
  3.7629336e-01
 -2.0994956e+00
 -1.0632524e+00
  2.3655608e+00
  1.1096536e+00
  1.0524247e+00
  6.2670040e-01
 -1.3628126e+00
 -9.0162945e-01
  1.6677533e+00
 -8.3957303e-01
 -1.9022083e+00
 -1.7637932e+00
 -5.4512578e-01
 -5.3073597e-01
  2.2646120e-01
 -7.0063847e-01
  7.8916669e-01
 -6.7761326e-01
 -1.0055963e+00
 -5.3699106e-01
  1.6634156e-01
 -7.7621514e-01
  2.5729091e+00
  2.1080473e-01
 -2.0293210e+00
  4.5783830e-01
 -2.2449371e-01
 -5.1737034e-01
  1.7591803e+00
  6.0089552e-01
  1.5491296e+00
  9.9840569e-01
 -7.1131170e-02
 -4.5545915e-01
 -3.8494927e-01
 -2.5426909e-01
 -3.5288787e-01
 -1.0309035e+00
 -1.2786924e+00
  1.9536763e+00
  3.2650125e-01
  1.0371525e+00
 -8.0525801e-02
  1.8596959e+00
  1.2965392e+00
  1.5033363e+00
 -1.1011344e+00
  9.0255779e-01
  1.2951146e+00
 -3.5166949e-01
 -7.6929748e-01
  7.1342725e-01
 -7.6774251e-01
 -9.1507357e-01
  3.5987194e+00
 -3.2420543e-01
 -8.2520282e-01
 -2.4814840e-01
 -1.8371277e+00
 -8.7938601e-01
  3.4607717e-01
  9.5494729e-01
  4.5470697e-01
 -9.8426139e-01
  1.7271076e-01
 -1.5992821e+00
 -3.9330715e-01
  1.1867237e+00
 -1.7933613e+00
 -1.8561676e+00
 -1.4135729e+00
  2.5563950e-02
 -2.0578978e+00
  4.5279771e-01
  7.0502698e-01
 -9.5683753e-01
 -1.4732777e-01
 -3.7462568e-01
 -2.6452894e+00
  3.0499561e+00
  4.4559819e-01
 -1.7361653e-01
 -8.5039258e-01
 -5.9193403e-02
 -6.7293328e-01
  5.7375830e-01
 -9.3898672e-01
  2.6239344e-01
 -1.1787075e+00
  1.4563861e+00
  1.9910814e+00
  7.4898380e-01
 -8.3388168e-01
 -8.4023781e-02
  1.6484987e+00
  7.1249372e-01
  4.1053305e+00
  3.3110604e-02
 -2.3021118e-01
 -4.4035012e-01
  1.3024402e-01
  7.8508765e-01
  1.0938659e+00
  1.0517639e+00
  8.5247576e-01
  8.3629215e-01
 -3.0613616e-01
 -5.6521797e-01
 -6.0276216e-01
  3.2905962e+00
 -1.6420111e-01
 -7.6737159e-01
  1.9079128e-02
  6.2254798e-01
  1.3629193e+00
  4.0565276e-01
  3.6134911e-01
  3.0717824e+00
 -6.4840331e-03
  1.0291365e+00
 -1.3172721e+00
  1.3309276e-01
  2.6492295e-01
  8.3680046e-01
  1.7881907e+00
 -3.4315723e-01
 -1.3849421e-01
  2.3728010e-01
  1.9387623e+00
 -1.2987819e+00
  5.2445363e-02
  1.0371773e+00
  1.0019234e+00
  1.6968135e+00
  4.9689195e-01
  2.7262002e-01
 -5.8961290e-01
  4.3822324e-01
  1.0963360e+00
 -1.4229975e+00
  4.8844364e-02
  6.9879645e-01
  5.2765425e-02
 -1.0747809e+00
 -2.4540715e+00
 -6.7424989e-01
  1.3675227e+00
 -6.1216259e-01
  2.4833299e-01
  4.7770527e-01
  3.1957068e+00
 -6.3872910e-01
 -1.9552815e-01
  1.0289582e+00
  9.4689572e-01
 -8.1477201e-01
  6.6922851e-02
 -4.6586579e-01
  8.6984277e-02
  5.3899997e-01
 -2.3285061e-01
  5.0673318e-01
 -7.8028613e-01
 -2.0736570e+00
 -1.8679501e-01
 -6.9976658e-01
 -1.8277535e+00
 -1.4351124e+00
  1.7284629e-01
 -1.5420630e+00
 -2.5413501e-01
 -1.0211477e+00
 -9.0845220e-02
  5.9030509e-01
 -6.7981637e-01
 -1.5968114e+00
  4.4367518e+00
 -4.2531103e-01
 -1.2190149e+00
  1.4747317e+00
 -1.2960968e+00
 -3.1558514e-01
 -2.2291300e+00
  8.9138061e-01
  8.1117797e-01
  2.1637343e-01
 -1.8898533e-01
  3.2029536e-01
  2.5477823e-02
  3.7791935e-01
  4.0377909e-01
 -8.7254345e-01
 -6.8958378e-01
 -3.0860441e+00
 -2.5749546e-01
 -8.8622320e-01
  7.4518907e-01
 -1.2593840e-01
  1.9793133e+00
 -2.0674684e+00
  6.7861116e-01
 -2.0136705e-02
 -4.0993491e-01
  1.3163223e+00
  9.8465538e-01
  9.4170219e-01
 -1.6225829e+00
  5.9238195e-01
 -1.4077975e+00
 -1.0974987e+00
 -1.8967159e+00
 -7.8008218e+00
  1.8792650e+00
 -1.4210032e+00
  7.4628389e-01
  9.5956737e-01
  2.6468161e-01
 -2.6617205e-01
  5.1170576e-01
 -1.2614901e+00
 -2.9041927e+00
  1.1971200e+00
  9.8983839e-02
  6.4566636e-01
 -4.5166883e-01
 -1.4035630e+00
  5.6544131e-01
 -9.8260856e-01
 -3.0236512e-01
  1.3083557e+00
 -8.1072670e-01
  2.4021617e-01
  2.8944761e-01
 -4.9338087e-01
 -9.6452296e-01
  9.6419938e-02
 -1.0536723e+00
  5.9751707e-01
 -4.6589988e-01
 -1.0367317e+00
 -1.3047138e+00
 -5.2147967e-01
  7.3005664e-01
  1.4351108e+00
 -1.1136336e+00
  2.0680729e-01
  5.5258697e-01
  1.1498733e+00
  1.2326445e-01
  8.1143463e-01
 -9.8359072e-01
  8.5870132e-02
 -1.2079142e+00
  7.1263433e-01
 -9.6076071e-01
 -9.2275316e-01
 -9.5553702e-01
 -1.0196512e+00
 -9.2728209e-01
 -4.9365374e-01
  1.1070409e+00
  2.6084226e-02
  8.1028116e-01
 -1.0339042e+00
  1.3778088e+00
 -9.8974906e-02
 -1.6292751e+00
  5.8373111e-01
  2.2901638e-01
  1.0239930e-01
 -1.6064606e+00
 -1.3060496e+00
  1.8302511e+00
  3.3666807e-01
  2.2035863e+00
  3.0134008e+00
 -3.4060793e+00
  1.2728002e+00
 -5.7546926e-01
 -2.6207418e+00
  1.6281302e+00
  2.3152171e-01
  1.7292554e+00
 -5.7093060e-01
 -2.9400003e+00
  1.8068634e+00
 -9.8431772e-01
 -5.7387990e-01
 -7.2681826e-01
  7.2839719e-01
 -2.2721910e+00
  1.3982171e+00
 -3.8509214e-01
 -7.6319277e-01
 -1.2065638e+00
 -5.7246006e-01
 -6.4991844e-01
 -7.4154210e-01
 -3.5527924e-01
 -3.2189667e-01
  1.8726407e+00
 -2.6756947e+00
 -1.8237386e+00
  2.0019004e+00
 -3.3011250e-02
 -7.5067437e-01
 -1.4139882e+00
  1.6699605e-01
  9.5127046e-01
  6.5780574e-01
  1.8672355e+00
 -7.7403063e-01
  4.1979244e-01
  5.4528439e-01
 -1.3512147e-02
  2.2781536e-01
 -8.9286339e-01
 -1.0254138e+00
  5.9447700e-01
  1.8596280e-01
  1.3848879e+00
  5.1066417e-01
  1.0781184e+00
 -6.4146906e-01
 -6.8134373e-01
  5.2861619e-01
 -2.2507772e-01
 -1.4431183e-01
  2.9895170e-02
 -4.1249430e-01
  7.5918150e-01
 -9.9528539e-01
  9.0329260e-01
 -4.0979046e-02
 -3.2062733e-01
  1.1821258e+00
 -2.2939525e+00
  1.0466161e+00
 -2.2410617e+00
 -1.7419847e+00
  6.3827550e-01
  7.2579437e-01
 -2.5857314e-01
  9.9851090e-01
 -3.6287303e+00
  2.9824774e+00
  1.0269004e+00
 -2.1155910e+00
  2.2207184e+00
 -1.9855988e+00
 -1.6160296e+00
 -6.1828989e-01
 -4.6435791e-01
 -2.4651015e+00
 -2.6191061e+00
 -6.9683933e-01
 -2.9837340e-01
 -4.3772948e-01
 -1.6120731e+00
 -2.5854511e+00
  6.7312104e-01
 -5.3908545e-01
  1.5848574e-01
  1.4475161e+00
 -3.4024838e-01
  3.4688625e-01
 -7.6497263e-01
  5.1521850e-01
  1.1326423e-02
 -4.7531965e-01
  4.7340429e-01
  7.4801236e-01
 -5.4838520e-01
 -1.1017053e+00
 -3.9366916e-01
 -1.3784985e-01
  1.4273587e+00
 -1.0999697e+00
 -9.4586223e-01
 -2.0413981e-01
  1.1323172e-01
 -9.0822756e-02
  1.2433233e-01
 -3.5212016e-01
  4.5773315e-01
 -1.0152880e+00
  8.4078234e-01
 -9.6479839e-01
 -4.1952902e-01
  5.5094415e-01
 -9.1791332e-01
 -1.8192066e+00
 -7.8433436e-01
 -1.0997788e+00
  2.8635517e-01
  2.7769262e-01
 -3.7263569e-01
  9.0728730e-01
  6.2317324e-01
  6.6279060e-01
  5.1980865e-01
  8.0196601e-01
 -5.4583764e-01
  2.4622525e-01
 -1.1632648e+00
  6.3467240e-01
  8.8114083e-02
 -1.2443401e+00
 -4.9292570e-01
 -4.8413301e-01
 -5.0788903e-01
 -3.8111565e-01
  1.7573664e-02
 -1.9551873e-01
  4.5612800e-01
 -2.0424521e-01
 -1.3701141e+00
  6.2527275e-01
 -9.0109503e-01
 -4.1394100e-01
  4.7707203e-01
  3.7791526e-01
  4.1943046e-01
  1.8879361e+00
 -6.0639960e-01
 -9.5350897e-01
  1.3713819e+00
 -1.2333455e-02
 -1.0686648e+00
 -1.0524632e+00
 -1.9062169e-01
  3.6303885e-02
  1.5584991e+00
 -2.1133099e-01
 -7.1046019e-01
 -8.7170256e-03
  1.6770600e+00
 -1.1904894e+00
  3.3410996e-01
 -9.2289579e-01
 -1.4840331e+00
  8.1809747e-01
  4.6308237e-01
  1.4367541e+00
 -4.8564184e-01
 -7.6061857e-01
  3.2772017e-01
 -5.7871020e-01
 -6.2950522e-01
 -3.6093491e-01
  1.5819730e+00
  1.8549935e+00
  6.7584211e-01
 -1.5677547e+00
  3.0067289e-02
 -5.6775540e-01
  9.5038474e-01
  8.5490763e-01
 -7.0607018e-01
 -1.6577792e-01
  1.7461059e+00
 -1.6305943e-01
  5.7152444e-01
 -1.1853729e+00
  2.0502016e-01
 -8.5081631e-01
 -8.6469911e-02
  2.2250341e-01
 -1.5785395e-01
  7.1606910e-01
  2.5601432e-01
  5.3017241e-01
 -1.0637634e+00
 -2.3703341e-01
  3.3561311e+00
  8.6152607e-01
 -8.8795334e-01
 -1.2323456e+00
  1.6911939e-01
 -2.0598948e+00
  3.4100201e-02
  1.7831733e+00
 -9.5175529e-01
  3.3782274e-01
 -2.9982913e+00
 -1.8145452e-01
 -5.0328618e-01
 -6.2764609e-01
 -1.7519095e+00
 -2.4820657e-01
 -9.3519139e-01
 -2.9056466e+00
 -4.2001429e-01
 -5.3921980e-01
  1.1361883e+00
 -5.5442226e-01
 -4.4984990e-01
 -7.8387493e-01
 -2.7632141e+00
 -2.7382118e-01
  8.8335580e-01
  1.8487195e+00
 -4.9729785e-01
  1.1687171e-01
 -9.3728876e-01
 -1.0324758e+00
 -1.7726071e+00
 -3.3019781e-01
 -1.0543838e+00
  1.2055176e+00
  3.7679601e-01
  1.6545191e+00
 -1.0889940e+00
 -2.0195830e+00
  1.3762312e+00
  5.7401367e-02
 -6.1835957e-01
 -3.9118874e-01
  1.0418614e+00
 -2.7827156e-01
  1.6294476e-01
 -1.4504755e-01
 -1.1282507e+00
  1.9046042e-02
  1.3800309e+00
 -9.9748802e-01
  8.6061448e-01
 -3.9067894e-01
 -2.6659477e+00
 -3.7885946e-01
 -1.0724874e+00
 -1.2511196e+00
 -9.0874958e-01
  1.2940719e+00
 -2.0971525e-01
  9.4597340e-01
 -4.2851612e-01
 -9.4966596e-01
  3.4145397e-01
 -1.7362355e-01
  3.1977776e-01
  2.2654498e-01
 -1.1397177e+00
  1.0951320e+00
  1.0534558e+00
  2.2492656e-01
 -3.6889837e+00
 -1.8683938e+00
  6.0873006e-02
 -1.6011102e+00
  9.9874121e-01
  3.4743008e-01
 -8.0437988e-02
 -2.2034514e+00
 -2.1688564e+00
  5.6318820e-01
 -1.0206565e+00
 -3.8585958e-01
 -8.2102132e-01
 -1.3136914e+00
 -6.7490488e-02
  7.0458746e-01
 -1.0021999e+00
  3.6243063e-01
 -1.1412964e+00
 -4.6667024e-01
  1.7631009e+00
  2.8867207e+00
 -2.8502434e-02
 -2.6242440e+00
  1.7654088e+00
  3.1530696e-01
  7.8892827e-01
 -3.1616282e-01
 -8.4845173e-01
  1.2100898e+00
  4.1556746e-01
  1.2936842e-01
  3.6207065e-01
  4.6970949e-01
 -8.6345124e-01
  1.8990971e+00
  6.6524035e-01
  6.1694795e-01
  1.0154417e+00
 -5.9107661e+00
  5.0162262e-01
  2.5783202e-01
 -3.8211911e+00
 -2.8053394e-01
  2.7339697e+00
  7.2089303e-01
 -1.1646976e+00
 -3.2776587e+00
  1.6117325e+00
 -1.4039183e+00
  1.4650934e+00
 -8.6097896e-02
  1.1145321e+00
 -6.1629168e-03
  6.4440084e-01
 -5.0147259e-01
 -7.0580834e-01
  1.2530877e-01
  1.9990239e+00
 -4.3672547e-01
  5.6696486e-01
  7.5621670e-01
  2.2119393e+00
  4.9208176e-01
  1.4374385e+00
  5.4435164e-01
  3.7346792e-01
  4.0223247e-01
  2.6463149e+00
 -1.4406809e-01
  3.0007596e+00
  9.2275238e-01
 -3.1340733e+00
 -1.4900886e+00
  2.5571303e+00
 -1.9445243e+00
  1.4986517e-01
  6.9421446e-01
 -2.3722205e+00
 -1.7168483e+00
 -1.5541799e+00
  1.3142924e+00
 -1.6147877e+00
 -2.1421535e-01
  1.1000245e+00
 -6.3223547e-01
 -5.1440889e-01
 -2.7847126e-01
  9.2652905e-01
  9.3579721e-01
 -1.1838483e+00
  1.3905036e-01
 -2.8203907e+00
  3.9471108e-01
  1.7835461e+00
 -2.6188266e-01
  5.5541702e-02
 -2.9946828e-01
 -3.3845794e-01
  5.2010202e-01
 -3.0791271e-01
  1.6718245e-01
 -1.7668204e+00
 -2.2954073e+00
  1.7276987e+00
  2.6354936e-01
 -2.0323539e+00
  1.0140358e+00
 -5.3173459e-01
  1.1385469e+00
  1.9303091e+00
 -2.4462647e+00
  6.6508740e-01
 -1.4398496e+00
  1.7121606e+00
  3.3406574e-02
  1.4252956e+00
 -2.5191414e-01
 -9.2695796e-01
  1.6733990e+00
  1.6782352e+00
 -2.8781304e-01
 -1.0703545e+00
 -8.2423300e-02
  5.3816926e-01
  4.7275639e-01
 -1.0456340e-01
  8.8129258e-01
 -7.7545261e-01
 -8.5211712e-01
 -2.1468725e+00
 -3.9315763e-01
  7.1445698e-01
 -1.1727327e+00
  1.3494108e-02
 -1.2528341e+00
 -2.0441598e-01
  1.0929463e+00
 -5.8081841e-01
  1.0005761e+00
 -3.9742818e+00
  1.3194033e+00
  1.1567279e+00
 -4.4893351e-01
 -9.7814697e-01
 -2.7525875e-01
  1.4525756e-01
  1.6852821e+00
 -2.1518219e+00
 -8.4620458e-01
 -6.6666770e-01
  8.0585080e-01
  1.1322584e+00
 -2.5134203e-01
 -2.8586223e+00
  2.3972247e+00
 -2.5361830e-01
  1.0803352e-01
 -6.0603225e-01
  6.3939691e-01
 -2.0676615e+00
 -3.5269958e-01
  5.2985460e-01
 -1.0485458e+00
  6.2136608e-01
  3.3136795e+00
  1.2784032e+00
 -8.3631116e-01
 -1.6425459e+00
  9.8799355e-02
 -1.0791558e+00
 -5.9514600e-01
  3.1701237e-01
  3.6996163e-02
  4.2568895e-01
  4.0369997e+00
  1.0636019e+00
  3.1263006e-01
 -1.0691036e+00
 -3.7154140e+00
 -1.1103466e+00
  7.6784390e-01
  2.2704604e+00
 -4.1918001e+00
  2.6340458e-01
  1.0716404e+00
 -9.3946576e-01
  4.3309131e+00
 -9.4847327e-01
 -6.4130157e-01
  2.2726583e+00
 -8.4641516e-02
 -1.7485447e-01
  1.7688843e+00
  9.5653272e-01
  2.7757606e-01
 -1.5438643e+00
  1.6019226e+00
 -1.7898530e+00
 -6.2906665e-01
  3.4664376e+00
 -8.9002140e-02
  1.7052277e+00
  1.8452269e-01
  2.4246637e-02
  2.5555268e-01
 -1.0739020e+00
 -4.4106749e-01
 -2.5439966e+00
 -1.7137752e+00
 -3.6471355e-01
 -2.9373610e+00
  3.0139503e+00
  4.0412596e-01
 -5.5499250e-01
 -1.7344486e+00
 -1.0611540e+00
  4.4247416e-01
  5.5755621e-01
  1.3554403e+00
  5.6208545e-01
 -5.9130788e-01
  5.5256802e-01
 -4.6591997e-01
  1.6306188e+00
  1.1371610e+00
 -2.7672560e+00
 -2.3381019e-01
 -1.2380224e+00
  6.5446474e-02
  1.7458764e+00
  1.5616279e+00
  7.2237051e-01
  1.5604287e+00
  1.8468218e-01
  6.5197510e-01
  4.1216820e-01
  1.5549891e-01
  6.7042410e-01
  7.5341739e-02
  1.1892793e+00
 -1.2826086e-02
 -3.1408513e-01
 -1.9996141e+00
 -2.3287702e+00
  3.5819986e-01
 -1.2794274e+00
 -2.1680497e-01
  1.4780993e+00
 -7.3067153e-01
  3.8031468e-01
 -4.0898836e-01
  1.3219014e+00
  9.1001660e-01
  7.2429025e-01
  3.1008060e+00
 -1.4006848e+00
 -1.7070917e+00
 -1.5076237e-02
 -1.6201625e+00
  2.2585123e+00
 -2.0949109e+00
  1.2316826e-01
  1.4781651e+00
 -8.5758382e-01
  1.0344636e+00
 -7.9016192e-03
 -3.4200473e+00
 -2.7824683e+00
 -4.4793722e-01
 -7.4704468e-02
 -1.4834324e+00
  1.4309938e-01
  4.2186937e-01
 -1.4677244e-01
  7.1486902e-01
  3.9185864e-01
 -5.5863118e-01
 -1.1516498e+00
  1.3554814e-01
  2.5160568e+00
  8.5210657e-01
  3.2172192e-02
  1.6070513e+00
  2.4434583e+00
 -2.5197475e+00
  1.0236925e+00
 -1.5707052e-01
  3.1333094e+00
 -5.0596814e+00
  1.0577714e+00
  7.1131849e-01
 -3.5482320e-01
  8.6780792e-01
  2.8820655e-01
  3.5957846e-01
 -3.6366886e-01
 -1.8398710e-02
  1.0767812e+00
  1.4003860e+00
 -1.4352578e+00
 -1.3106964e+00
  1.0836626e+00
 -2.3329277e+00
 -8.8146544e-01
  9.5437080e-02
  3.7769772e-02
  7.2475427e-01
  5.3848237e-02
  1.9217901e+00
  5.4629654e-01
 -3.1232085e-02
 -2.2852628e-01
 -4.0625694e-01
  5.2737403e-01
 -3.3287756e+00
 -2.3059075e+00
 -2.0960696e+00
 -2.6252387e+00
  2.4334533e+00
  2.7515709e+00
 -2.9231265e-01
  1.3364779e+00
  2.8822768e-01
 -2.0414674e+00
  6.9390678e-01
 -1.8732987e-01
 -5.4046971e-01
  6.3596094e-01
 -3.1338515e+00
  1.9625288e+00
  1.7650048e+00
 -2.4811122e+00
 -1.9249271e+00
  8.6716697e-02
  6.6831100e-01
 -1.5594566e-01
 -7.1868753e-01
 -1.4795667e+00
  1.9800208e+00
  4.6058327e-01
 -6.7955129e-02
  6.4807326e-01
 -1.3815416e-01
  3.4287733e-01
 -4.4609654e-01
  4.9866098e-01
 -3.3931294e-01
  1.7026304e-01
 -2.0093785e-01
 -2.4378185e-01
 -1.5495291e+00
  4.7360328e-01
 -2.0923607e+00
 -6.5921962e-01
 -1.1056435e+00
 -1.4032951e-01
  4.8618439e-01
 -3.5245967e-01
  2.4972813e-01
  5.2840060e-01
 -8.6441356e-01
 -4.3892795e-01
  9.0892607e-01
  1.4504838e+00
  1.0888628e-02
  3.9383346e-01
 -6.2465362e-02
 -1.3594464e+00
 -3.7463951e-01
 -6.0582858e-01
  1.2495874e+00
  1.2579528e+00
  1.9775658e+00
 -1.3148316e+00
 -4.6308946e-02
 -6.5461314e-01
 -6.4409852e-01
 -1.5612586e-01
  3.5932922e-01
  3.6864212e-01
  8.6392289e-01
  9.6908599e-02
  4.3217087e-01
  1.1764154e+00
 -3.5654387e-01
  9.3578076e-01
 -5.4387784e-01
 -2.0568176e-01
 -1.9784966e+00
 -7.6285166e-01
  1.6024607e-01
  1.1543198e+00
  3.5162649e+00
  3.6096486e-01
 -2.6633055e+00
 -1.6806951e-02
  1.4850671e+00
 -1.4111239e+00
  4.5882437e-01
  1.3855588e+00
 -4.8909426e-01
  7.6328903e-02
  3.4808807e-02
 -1.0411243e+00
  8.0744821e-01
  1.0722092e+00
  1.6311671e+00
 -6.1970085e-01
  1.8941661e+00
  1.7265025e+00
  1.9378847e-01
  6.8300724e-01
 -4.4799998e-01
 -5.0872356e-01
  1.8133448e-01
 -1.9191700e-01
  9.4681126e-01
  9.0520537e-01
 -2.3412282e+00
 -6.0647506e-01
  9.7648787e-01
 -1.3893728e+00
  3.8758865e-01
 -2.6800156e+00
  7.2838426e-01
  8.0206126e-01
  1.2275262e+00
 -3.5584816e-01
 -1.3634541e+00
 -2.2956791e+00
  7.1197790e-01
  3.2474325e+00
 -1.1479370e-01
 -8.8021076e-01
  2.0823453e-01
  1.0440651e-01
 -3.1426676e-02
 -1.3141572e+00
 -7.1473330e-01
 -5.4724050e-01
  4.1317005e+00
  2.7250040e-01
  6.5205991e-01
 -1.6381717e+00
 -1.2002889e+00
 -1.7428489e-02
 -8.9512938e-01
  4.5285147e-01
 -6.1565953e-01
 -1.1110716e+00
  2.0986977e-01
  3.8402358e-01
  5.6257355e-01
 -4.7032264e-01
 -2.3635705e+00
  3.1706220e-01
  6.1602741e-01
  6.2136269e-01
  3.6320114e-01
  7.7408302e-01
  1.4583428e+00
 -1.1315339e+00
  1.2824481e+00
 -3.9500013e-01
  1.9551773e+00
  3.3624345e-01
 -1.5688518e+00
  3.2940888e-01
 -3.9078066e-01
  1.2692424e+00
  1.1327631e+00
 -6.1553252e-01
  6.5697658e-01
 -5.2671903e-01
  1.2922708e+00
 -1.3643552e+00
 -4.4851920e-01
  2.6687658e-01
 -2.1413810e+00
 -9.3264645e-01
 -4.5893550e-01
 -1.4557683e+00
 -1.1352489e+00
 -6.9136448e-02
 -1.0362787e+00
  4.1895244e-01
  5.7459986e-03
  1.2378292e+00
  6.1711347e-01
 -2.0350654e+00
  3.2451328e-02
 -2.1517498e+00
 -1.3851049e+00
  7.9611397e-01
  1.2580104e+00
 -1.0012977e+00
 -8.5880959e-01
 -2.5115910e+00
 -2.5206275e-02
  1.3325818e+00
 -9.8699659e-01
 -5.7782646e-04
 -3.9453098e-01
 -3.9781835e-02
 -3.8245020e+00
 -1.5735294e-01
  2.4816825e+00
 -2.3107991e+00
  1.6837051e+00
  7.9841107e-01
 -1.2557255e+00
 -6.8108201e-01
 -1.0642262e+00
 -3.4794262e-01
 -5.8085436e-01
 -3.1236693e-01
  1.6767569e+00
  8.6568785e-01
 -4.5751983e-01
  2.2983538e-01
  1.3133893e+00
  6.2007360e-02
  1.1018061e-01
  6.9998326e-03
  2.4141376e-01
  5.9993744e-01
 -2.4977705e+00
 -1.0063542e+00
 -7.5984722e-01
 -1.5296261e-01
  2.4834467e-01
  6.1055261e-01
  2.9068954e+00
  3.0844729e+00
 -4.0774491e-01
 -3.5316789e-01
  5.8934659e-01
  9.6168881e-03
 -1.3902475e+00
 -4.1158494e-02
 -4.5232648e-01
  1.4218928e+00
 -4.0216926e-01
  5.1788270e-01
  5.2500916e-01
  7.5755340e-01
  1.0452729e+00
  1.4863172e+00
 -5.0415486e-01
  1.3654900e+00
  2.5807911e-01
 -6.9350356e-01
  1.6107160e+00
  3.6751211e-01
 -8.5281678e-02
 -1.0545266e+00
 -2.2768854e-01
  1.0332187e+00
 -1.9357167e+00
 -1.1757702e+00
 -4.0598583e+00
 -3.1632898e+00
  2.1305418e+00
 -1.8952885e+00
  7.8060009e-02
  8.8891521e-02
  2.0027063e+00
  1.7598138e+00
 -4.8224679e-01
  1.2258526e+00
 -1.2233313e+00
  3.3117816e-01
 -7.4442673e-01
  1.2563494e+00
 -1.5726433e+00
 -9.9889976e-01
  3.9123210e-01
  1.3056352e+00
 -3.0623224e+00
  6.7824513e-02
 -9.0340400e-01
 -7.9377842e-01
 -1.3032308e+00
 -1.8243595e+00
  9.7071248e-01
  2.1839766e-01
  4.1840991e-01
 -9.4912708e-02
  1.9669516e+00
  2.0052363e-01
  5.8698796e-02
  2.5562161e-01
 -4.9568968e+00
 -2.2928710e+00
 -2.2498348e+00
 -6.1182517e-01
  1.2120522e+00
 -1.3066270e+00
 -4.1914988e+00
  7.1247206e+00
 -1.4184909e+00
  1.2299555e-01
  1.9064380e+00
  1.0111560e+00
 -1.0986049e-01
  2.4558005e+00
  1.2889268e+00
  2.3761613e+00
 -1.1382442e+00
  2.5168869e+00
  1.2470268e+00
  1.1437494e+00
  1.6440415e+00
 -1.5637729e+00
  7.0401317e-01
  3.1699784e+00
 -1.5257779e-01
  6.1705613e-01
 -9.2704552e-01
 -1.1862291e+00
 -1.0638924e+00
 -2.5317307e+00
  1.0472298e+00
  7.4004328e-01
 -5.9686548e-01
 -3.5619572e-01
  1.5640960e+00
 -6.9845843e-01
  1.2535148e+00
 -5.9259623e-01
 -1.2098385e+00
  1.2099478e+00
  1.3091847e+00
  6.6342139e-01
  4.6483926e-02
 -1.2052615e+00
  1.2743419e+00
 -6.5617234e-01
  8.3632581e-02
 -6.0679978e-01
 -2.7618989e-01
  5.6167662e-01
  4.4576260e-01
 -4.0917081e-01
  5.4379201e-01
 -3.1905577e-01
  1.1381577e-01
  1.6078541e-01
 -3.5893986e-01
  1.3571176e-01
 -6.9834687e-02
 -9.7625035e-01
  8.8766046e-02
  1.6426204e-01
 -2.9878554e-01
  3.3321708e-01
 -1.6737333e-02
 -6.9457978e-01
 -4.0920496e-01
  2.2559363e-01
 -4.9674481e-01
 -2.6086992e-01
  3.1088240e+00
  7.5806421e-01
 -1.0834335e+00
  1.6886168e+00
 -2.8667894e-01
 -9.5485048e-03
 -1.0446876e+00
  2.8049722e+00
 -8.4361500e-01
 -4.9239472e-01
 -4.5602113e-01
  2.6729560e+00
  1.8841071e-01
  5.4401040e-01
 -9.0193820e-01
 -4.6892193e-01
  7.6025862e-01
  1.8388255e+00
 -1.1579744e+00
 -3.3360958e-02
  7.8223401e-01
  8.3499396e-01
  4.6742357e-02
 -8.1790620e-01
 -1.2956917e+00
 -2.3406814e-01
 -1.6402111e+00
 -1.9196955e+00
 -4.4908547e-01
 -1.6774204e-01
  2.1210911e+00
  1.6294566e+00
  3.3158872e-01
  1.0761938e+00
  1.0272206e+00
 -2.7762029e+00
  1.7811598e+00
 -2.2904115e+00
 -1.7893699e+00
 -7.5156367e-01
  1.2504706e+00
  1.6842297e-01
  6.8248266e-01
 -1.1757214e+00
  3.5124892e-01
  3.5007167e+00
 -3.5383480e+00
 -1.0761268e+00
  6.7276323e-01
 -4.7076884e-01
 -4.9948302e-01
  5.1916188e-01
 -1.4453663e+00
  7.7167696e-01
 -7.7196404e-02
  6.8415993e-01
 -2.0162223e-01
 -1.0418278e+00
  1.5032437e+00
  5.9613657e-01
 -4.1318445e+00
  2.1727662e+00
  8.3090651e-01
  8.0192739e-01
  2.8645411e-01
  1.0048901e-01
 -6.9232851e-01
  6.8663156e-01
  6.2361813e-01
 -1.7560188e-01
  3.6600473e+00
  7.0566118e-01
 -2.4804451e+00
 -2.9930496e-01
  1.1705372e+00
 -2.1015491e+00
  3.4577665e-01
 -2.1768587e+00
  7.4628919e-01
  2.1696596e+00
  2.7712009e+00
 -7.2932273e-01
 -2.6998487e-01
 -8.5205334e-01
  1.2127498e-01
 -1.5276529e+00
 -1.7175860e+00
 -7.9878759e-01
 -1.0031528e+00
  6.3175786e-01
  1.0025654e+00
 -1.5493464e+00
 -1.3983072e+00
 -6.2494075e-01
 -1.4463024e-01
 -2.6779038e-01
  5.2640134e-01
 -8.8608384e-01
 -1.3517228e+00
  5.9220093e-01
 -7.8219002e-01
 -3.5515690e-01
 -5.7044929e-01
  4.6744341e-01
 -2.7458459e-01
 -1.4772433e+00
 -2.9536717e+00
  5.3099078e-01
 -1.9095944e+00
  1.1252257e+00
  1.8303145e+00
  2.6568174e+00
 -1.5499530e+00
  1.7767096e-01
  5.4697514e-02
  2.4053531e+00
 -2.0602024e+00
 -3.0225370e+00
 -4.8453969e-01
 -7.9414934e-01
  4.5004311e+00
 -1.9570370e+00
 -2.8239736e-02
  1.6093223e+00
 -4.2038843e-01
  9.6426529e-01
 -1.4686953e+00
 -1.1822104e+00
  2.2151051e+00
  6.2465303e-02
 -3.9812512e+00
  3.6806915e+00
 -3.3137801e-01
  2.4921365e+00
  2.1791840e+00
 -1.0488657e+00
 -7.5911129e-01
  1.2288541e+00
 -1.0685066e+00
 -1.5369284e+00
  1.2318451e+00
  1.2733802e+00
 -3.4281111e+00
 -1.4463907e+00
  2.1292980e+00
 -1.3191808e+00
 -2.7886596e-01
  1.2887723e+00
 -5.8434196e-02
 -2.1803330e-01
 -2.4121982e-01
 -4.6663460e-01
  7.3393047e-01
  8.1564409e-01
 -2.9070321e-01
  8.5486639e-01
  9.5106369e-01
 -8.3363903e-01
 -1.0922943e-01
  1.2886429e+00
 -7.1886712e-01
 -1.7360893e-01
  7.3253071e-01
  4.9325234e-01
  1.6883107e-01
  2.6289892e+00
 -7.6998597e-01
 -1.7497978e+00
 -3.7502292e-01
 -1.4567220e-01
 -3.3371970e-01
 -1.0893348e+00
 -5.0480479e-01
  4.3032041e-01
  2.9991993e-01
 -1.5997226e+00
 -2.2306466e-01
  6.6307640e-01
  5.3831357e-01
  2.1183112e-01
  8.1277144e-01
 -4.7571182e-01
  1.5432998e+00
  1.0061150e+00
 -1.2136488e+00
  5.0622996e-02
 -2.2415628e+00
  9.6404815e-01
  2.3562764e-01
  2.7150270e-02
  4.1177297e-01
 -8.9402539e-01
 -6.0614282e-01
  6.4743710e-01
 -6.1114591e-01
  1.4284437e+00
  1.2218761e+00
  1.2519749e+00
 -8.1395084e-01
 -6.5138483e-01
 -2.1554830e+00
 -2.3948984e-01
 -2.5574529e-01
 -2.0544937e-02
 -2.2118963e-01
  6.9528204e-01
  4.2981380e-01
  7.0642525e-01
 -7.0171364e-02
 -1.8530504e+00
 -3.6107905e+00
  7.5222230e-01
 -9.6502733e-01
  4.5718843e-01
  1.8693503e+00
  5.3211766e-01
  2.2708609e+00
 -2.4228973e+00
 -4.1417718e-01
  6.8506247e-01
  3.6141896e-01
  1.1183606e+00
 -7.0221955e-01
  1.2239351e-01
  1.1493217e+00
  9.8208651e-02
  4.6054301e+00
 -1.5852745e+00
  2.2130544e+00
 -2.1962976e+00
  1.9238254e+00
  1.9879347e+00
  4.1803804e-01
  8.3427060e-01
  2.1359780e-01
  1.5534331e+00
  1.7101396e+00
  8.1637317e-01
  6.8289858e-01
 -3.7087199e-01
  1.9260043e-01
  1.0139397e+00
  9.0381145e-02
 -1.5070707e-01
 -5.6466132e-01
  1.5463212e+00
  1.2347183e+00
 -3.7863955e+00
 -6.8557605e-02
 -2.0992901e+00
  3.7472124e+00
 -4.9100536e-01
 -3.7808090e-01
  3.7786871e-01
  8.3462965e-01
 -1.8626307e+00
 -2.4387009e+00
 -5.7716101e-01
  1.0626687e-01
 -1.5679689e-02
 -1.1095986e+00
  4.9210349e-01
  4.3104479e-01
  3.8954970e-01
 -1.7320766e+00
 -1.9873662e+00
  2.2230699e+00
 -1.1474365e+00
  1.0807056e+00
 -9.8835987e-01
 -3.1831846e-01
  1.3083017e+00
  1.4869165e+00
  7.4589628e-01
  7.0451158e-01
 -1.3749279e+00
  1.2290912e-01
  6.0989064e-01
  1.0541736e+00
 -8.9653867e-01
  6.4028983e+00
  1.2328527e-01
 -1.4942037e+00
 -5.0153738e-01
 -1.8706219e+00
  4.5369024e+00
  9.6898246e-01
 -1.1381068e+00
 -1.0540286e-01
 -4.0409031e+00
  6.4413905e-01
  1.3438706e+00
 -3.1311500e+00
 -9.4615859e-01
 -2.1814864e+00
  1.4655024e+00
 -1.6531402e+00
 -1.3162730e+00
 -1.4975392e+00
 -1.5875554e+00
 -5.5762776e-03
 -1.7937565e+00
  2.9380675e-02
 -2.8120403e+00
 -1.6580639e+00
 -2.0632677e+00
 -9.9490911e-01
  1.3861223e+00
 -3.8766634e-01
 -2.0148560e-01
  7.3366189e-01
 -2.1156791e-01
 -1.7036054e-01
  1.0853390e+00
  1.2508719e+00
 -1.5969963e+00
 -2.6237876e+00
 -1.6892240e+00
 -2.6496308e+00
  2.0458558e+00
 -1.4550844e-01
 -8.0277365e-01
  1.1636745e+00
  1.6644710e-01
 -4.9260205e-01
  1.1202245e+00
 -1.3262349e+00
  3.9848273e+00
 -2.6859325e-01
 -1.7504789e+00
  1.2340964e+00
  3.3363482e-01
  1.5443943e+00
 -7.2342765e-01
  3.2622793e-01
  3.6872587e-01
  7.2698928e-02
  3.7556720e-01
  1.5307853e+00
 -4.4281968e-01
  7.0456296e-01
  2.2889717e-01
 -3.0853018e-01
  2.8069830e-01
  9.2117518e-01
 -9.1250193e-01
 -5.4659885e-01
  5.6334354e-02
  6.1952442e-01
 -1.9742088e+00
 -4.4785109e-01
  1.0802073e+00
  1.1316336e+00
  1.1433681e+00
 -1.6027747e+00
 -3.8432869e-01
  2.1081057e-01
  2.7017787e+00
  3.1686333e-01
  2.3819008e-01
 -7.5250745e-01
  3.1295686e+00
  9.0457821e-01
  1.6338982e-01
  2.8340709e+00
 -1.3735412e+00
 -5.0509238e-01
 -1.3807235e+00
  4.3371844e-01
  5.6025708e-01
 -3.5084872e+00
  2.7600391e+00
  1.4601591e+00
  1.4588979e+00
 -1.2535539e+00
  2.3909221e+00
 -1.1342204e-01
  3.0373976e+00
 -1.9955730e-01
 -8.7767142e-01
 -7.9543966e-01
 -2.6481166e-01
 -3.2593331e-01
  9.3603536e-02
  3.4274187e-02
  1.8223672e+00
  1.5063921e+00
 -1.1279395e-02
 -2.0393882e+00
  2.2476559e+00
 -2.0850842e+00
 -3.4374588e+00
  5.8614594e-01
 -4.6177416e+00
 -2.0957801e+00
  3.3559430e+00
  4.0172062e+00
  1.1480260e+00
  9.6259290e-01
 -1.4882579e+00
  3.0214927e+00
  1.1786116e-01
  9.2038351e-01
 -5.2381720e-02
  2.2383323e+00
  2.1654375e+00
 -6.3711464e-01
  1.1688391e+00
 -1.3901546e+00
  9.7758532e-01
  7.7054799e-01
 -3.4568944e+00
 -4.2030951e-01
  8.0309349e-01
 -1.7826918e-01
 -1.4350859e+00
 -9.4126508e-02
 -2.0088208e-01
 -6.1837643e-01
  8.0015045e-01
  4.3966180e-01
  9.0218455e-01
 -4.0365213e-01
 -2.6157887e+00
  2.5213294e+00
 -7.7004230e-01
  8.7740493e-01
  2.9345578e-01
  7.5621915e-01
  1.0382255e-01
 -3.9336038e-01
  1.1910934e+00
 -1.2419471e+00
  1.1357019e+00
 -1.6581610e+00
 -1.4745831e+00
  1.2404823e+00
 -6.5662837e-01
  1.6377425e+00
 -1.4464483e-01
  3.2466590e-01
  4.7330955e-01
  3.6610809e-01
  6.7515647e-01
 -4.0303272e-01
  2.2590671e+00
  4.0685648e-01
  2.1793132e+00
 -7.3276591e-01
  4.1955429e-01
 -1.3560162e+00
  8.7702256e-01
  7.5913435e-01
 -3.3697613e-02
  1.5685743e-02
 -4.6712661e+00
 -2.4655081e-01
  8.5146797e-01
 -9.2625624e-01
  7.3718131e-01
 -1.8735131e+00
 -1.0896193e+00
  8.9751720e-01
  1.9407076e+00
  9.4836891e-01
 -8.3864772e-01
  2.7381153e+00
  8.5611808e-01
  3.5907429e-01
 -3.8532373e-01
  2.1602379e-01
  1.0649853e+00
  1.6993582e+00
  6.7544758e-01
  2.5696403e-01
 -2.4571655e+00
  3.1078761e+00
  1.8416243e+00
  2.8793490e-01
 -4.9045196e-01
  5.1488336e-02
 -1.9435126e+00
  2.0549240e+00
  2.2862597e-01
  1.3886790e+00
 -2.4741116e-01
  8.8196582e-01
 -2.1812556e+00
  2.5066137e+00
 -1.8113930e+00
 -1.4172240e+00
  1.5526760e-01
 -6.6155285e-02
  1.5261848e-01
  1.8863419e-01
  1.6794925e+00
 -5.2380997e-01
 -2.1417694e+00
 -4.9049001e-02
 -7.5881743e-01
 -4.3083480e-01
  1.8799006e+00
 -2.4559984e-02
 -5.5131954e-01
  1.2412426e-01
 -4.6061701e-01
  1.0060021e-01
  2.2323529e-01
  1.2872890e-01
  3.9476693e-01
 -1.0617861e-02
  4.8098948e-02
 -9.3885577e-01
  1.5822747e+00
  1.9198850e+00
 -2.2023137e+00
 -6.4920026e-01
  6.0835284e-01
 -6.2946111e-01
  3.3787784e-01
  4.2849821e-01
 -4.0849838e-02
  1.6142250e+00
 -5.6821339e-02
 -1.3054764e-01
  6.5238528e+00
  6.4530981e-01
  3.7522605e-01
  1.0200675e+00
  1.0090253e+00
  2.2986352e+00
  3.0251205e+00
 -3.7931013e+00
 -9.6584386e-01
 -4.8783427e-01
  2.0924304e+00
  1.8312548e+00
  4.2571750e-01
 -1.8198889e-01
 -1.1196127e+00
  1.7658479e+00
  5.4456973e-01
 -1.5429865e+00
 -7.3263478e-01
  2.3904355e+00
  1.5274365e+00
 -2.6806901e+00
  6.0530710e-01
  4.5439067e-01
  8.6914563e-01
 -5.6377873e+00
  2.2201350e-01
  1.4304587e+00
 -6.5028363e-01
 -1.3616680e+00
  1.5580410e+00
  1.4114387e+00
 -9.9346352e-01
 -7.4948156e-01
  9.1678983e-01
 -1.6174922e+00
 -3.2348943e+00
  1.7952906e+00
  1.4780909e-01
 -6.9163346e-01
  6.2505996e-01
 -2.0959012e-01
 -5.3712053e+00
 -2.6314817e-02
  2.3174407e-01
 -1.1676272e+00
  4.4001384e+00
  1.6011227e-03
  6.7645591e-01
  4.3634165e-02
  4.0019941e+00
 -2.6538510e+00
  8.2053983e-01
  1.5592512e-01
 -2.9454160e+00
 -1.6914130e+00
  6.9971243e-03
  1.2410351e+00
  4.5698139e-01
  9.0346247e-01
  5.9197485e-01
  1.3667673e+00
  5.2336323e-01
  1.0143806e+00
 -2.0559111e-01
  8.0679417e-01
 -1.6939567e+00
 -1.2640464e-01
  6.0594606e-01
 -2.1537652e-02
 -2.0824375e+00
 -6.4704037e-01
  1.8522512e+00
  1.0929874e-01
 -1.7797276e+00
  1.1164126e+00
  8.5422242e-01
 -2.3116460e-01
  2.9528158e+00
  2.2059350e+00
 -2.4779863e+00
 -5.7627207e-01
  6.5404481e-01
  1.6066241e+00
 -7.8320366e-01
 -3.9894694e-01
  3.9907697e-01
 -2.4532070e+00
  1.0823883e+00
 -3.9741507e-01
 -1.1251173e+00
 -1.6216689e+00
 -2.6123437e-01
 -1.5397075e+00
  6.7376852e-01
  4.3997860e-01
 -3.9640242e-01
 -3.6312392e-01
 -3.7331577e-02
 -2.2951394e-01
  5.4156309e-01
  1.0648447e+00
 -1.0803621e+00
  2.2561368e-02
 -3.1939492e-01
 -2.0336503e-01
 -3.5464532e+00
  1.1151338e+00
  5.3461188e-01
  2.0526683e+00
 -4.7755742e-01
  9.4174832e-01
 -1.2678868e+00
 -1.4396549e+00
  2.1695032e+00
  1.0560088e+00
 -1.4943634e+00
 -2.8758457e+00
  5.6513202e-01
 -7.4344724e-01
 -9.1587305e-01
  5.2542561e-01
 -5.1308393e-01
  6.0866612e-01
  7.3396802e-01
 -1.3152425e-01
  2.7565835e+00
 -6.7760707e-03
  8.0959648e-01
  9.1568874e-03
  1.6344341e+00
 -1.4974885e+00
  4.8377630e-01
  4.1350603e-01
 -4.7574863e-01
  2.5835124e-01
  8.1301582e-01
  5.1511347e-02
  1.8216880e-01
  5.1570415e-01
 -2.4547023e-01
  3.4257200e-01
  1.0713967e+00
  1.1301736e+00
 -4.3258286e+00
 -4.8985341e-01
  3.0027680e+00
  2.6271956e+00
  5.2867931e-01
  6.0251439e-01
 -3.7747462e+00
  3.2195435e+00
  1.0028363e+00
 -4.4187260e-01
  9.1491228e-01
  6.3659292e-01
 -3.3851161e+00
  3.1760532e-01
 -8.7150484e-01
 -6.1377013e-01
 -1.2946579e+00
 -8.5613775e-01
 -3.5606344e+00
 -7.8898948e-01
  7.3896372e-01
 -9.1949010e-01
  1.1622467e+00
  5.7863426e-01
 -7.6791620e-01
 -6.5999955e-01
  4.8586905e-02
 -6.6529608e-01
 -1.7659185e+00
  5.6636709e-01
 -1.4888693e+00
 -5.4243584e+00
 -2.6657164e+00
 -2.2368467e+00
 -3.4260316e+00
  7.0445746e-01
 -4.0120573e+00
 -3.8134322e+00
 -1.0381231e+00
 -3.3047876e-01
  6.2955908e-02
 -1.0419402e+00
  2.3540220e+00
  3.1031256e+00
 -6.5676779e-01
  3.0937254e-01
 -8.6297911e-01
  3.4720349e+00
 -3.1658629e-01
  1.9569787e+00
  2.2807932e-01
 -1.5449617e-02
  1.6544902e+00
 -6.6371471e-01
  2.5049031e-01
  1.6924486e+00
  8.8857502e-01
 -1.1201748e+00
 -3.8426268e-01
  9.3899332e-02
 -1.9750383e+00
 -2.3682153e+00
 -3.4856975e-01
  3.6993465e-01
  1.2147589e-02
  1.0290609e-01
 -1.0051643e+00
  2.0087693e-02
  1.0075558e+00
  1.6505706e+00
  2.7128465e+00
  7.5564396e-01
  1.4498640e+00
 -1.2743654e+00
 -3.5818383e-01
 -3.3017334e-01
 -6.7507648e-01
  4.2575164e+00
 -9.2627871e-01
 -4.1429577e+00
  2.7003402e-01
  1.0733848e+00
  1.9396923e+00
  2.1780805e-01
  5.5036914e-01
  1.1129856e+00
  4.1476083e-01
  5.7645559e-01
 -1.5309867e-01
 -8.7300897e-01
  2.1920922e+00
 -8.5275567e-01
 -9.7338283e-01
 -8.6540353e-01
  2.0679331e+00
  1.2190417e+00
  5.1388258e-01
 -1.1536034e+00
  1.3663986e+00
 -6.4384764e-01
  1.5255016e-01
 -4.4941103e-01
 -9.5399684e-01
  1.5647283e+00
  5.3879738e-01
 -5.8378482e-01
 -6.4302641e-01
  2.3197718e-01
 -1.2757027e+00
 -2.0178039e-01
  2.4949376e-01
 -2.8737965e-01
  2.2386081e+00
  3.4050846e-01
  7.2989404e-01
  4.2840883e-02
 -3.0233035e+00
  1.8610684e+00
 -3.0941623e-01
  1.4848784e+00
 -1.5495909e-02
  2.8377111e+00
 -3.4611299e+00
  2.3496501e+00
  3.1824091e-01
 -8.5528129e-01
 -1.7042616e-01
  3.3042103e-01
 -7.3407483e-01
 -4.1114369e-01
  1.1075743e+00
  2.8068887e-02
  4.6208787e-01
 -2.3644066e+00
  4.5664164e-01
 -7.2903526e-01
 -4.6332854e-01
 -9.1550118e-01
 -1.6927173e+00
  2.1159422e+00
  2.0921016e+00
 -5.6967860e-01
 -2.9623642e+00
  4.3304760e-02
  7.0111558e-02
 -5.3905749e-01
  9.4327742e-01
  8.5075134e-01
 -1.4664294e+00
  1.2164202e+00
  1.0604726e+00
  1.4176171e+00
 -2.0865924e+00
 -2.8214502e+00
  8.7875420e-01
  9.3186891e-01
  2.8452263e+00
 -3.0794256e+00
 -4.3918902e-01
 -1.0083842e-01
 -1.5212100e+00
  1.0478556e+00
 -1.3564484e+00
  3.7840983e-01
  4.6623716e-01
  7.7104944e-01
 -4.6248299e-01
 -1.7863820e+00
 -3.7375110e-01
 -2.3749381e-01
 -1.4193629e-01
  7.0036068e+00
  3.0608685e+00
 -4.8937720e-01
  2.9050261e-01
  6.3218379e-01
  9.8180789e-01
  1.1923186e+00
 -5.3338118e+00
 -1.5121290e-01
 -1.6322719e+00
  4.2106919e+00
  1.7847794e+00
 -5.7512231e+00
 -4.2955482e-01
 -2.3132284e+00
  2.8769996e+00
 -1.2540060e+00
 -2.6097283e+00
  1.8869491e+00
 -1.4921210e+00
 -1.6855490e-01
 -2.0016446e+00
 -7.5215913e-02
 -7.2288883e-01
 -3.9387193e-01
  1.2839301e+00
  1.1743940e+00
  3.2522202e-01
 -2.3083274e-01
 -1.6827281e+00
 -3.6763857e-04
 -6.2429869e-01
  3.7127283e-01
  5.8868289e-01
  1.5505037e+00
 -2.3894753e+00
 -1.6599238e+00
 -3.3530135e+00
 -1.7455693e+00
 -1.4059104e+00
 -2.6431632e-01
  2.9578938e+00
  2.4174621e+00
 -4.9752149e-01
  1.7390606e+00
  3.6380407e-01
  5.2447743e+00
  2.2667280e-01
 -4.0538853e-01
  9.5148522e-01
 -2.5320380e+00
 -1.8964250e-02
 -2.3807830e-01
  5.4570156e-01
  3.3768492e+00
 -1.3348326e-01
  2.2129057e-02
 -5.2243704e-01
  2.1924438e+00
 -1.8926743e+00
  4.5146251e+00
 -6.9569361e-01
  1.3995998e+00
 -2.3061265e-01
 -1.6092683e+00
  6.6253465e-01
 -2.1499152e-01
 -1.2916933e+00
 -1.3885909e+00
 -1.4434204e+00
 -1.4873068e+00
 -2.1773187e-02
  4.4206017e-01
  6.4273417e-01
 -2.5510812e+00
 -6.4829305e-02
  5.5321956e-01
  2.0086122e+00
 -3.7631428e-01
  7.0752364e-01
 -2.8490808e+00
  1.4384525e+00
 -1.2555196e+00
 -6.2907584e-02
 -2.0104657e-01
 -1.0081366e+00
 -8.2738119e-01
  6.2971628e-01
  1.3697520e+00
  3.3678845e-01
  7.8780341e-01
  7.4805963e-01
  6.5270048e-01
 -9.0092391e-02
 -1.7680527e+00
  8.8658422e-01
 -8.2899764e-02
  5.7190653e-02
 -6.4802450e-01
 -6.4123011e-01
 -4.5666960e-01
  4.0348455e-01
 -1.5637147e+00
  3.0920726e-01
  5.5881701e-02
  2.3184621e+00
  4.5693240e-01
 -1.3147339e+00
 -2.0279646e+00
 -1.3133453e+00
 -3.4249711e-01
 -3.6319771e+00
 -2.9741704e+00
  2.7519169e-01
 -1.1676135e+00
  2.1774251e+00
  6.4796644e-01
 -1.6382786e+00
 -1.9778001e+00
  9.0151119e-01
 -7.6534891e-01
  1.5313551e+00
  2.0793425e-01
  1.2774881e+00
  2.2578096e+00
  4.1410413e+00
  6.1911106e-01
 -5.8939689e-01
  6.5743558e-02
 -2.8684863e-01
  2.7322668e-01
 -1.5050093e+00
  2.2914190e+00
  3.7828845e-01
 -8.1156117e-01
 -4.4924989e-01
  6.8981487e-01
  4.0233243e-01
  1.3323359e+00
 -9.7597706e-01
 -4.7511691e-03
 -7.2949022e-01
  1.6034455e+00
 -4.6272618e-01
  9.9832100e-01
  1.6142904e+00
 -4.0457133e-02
  5.5237865e-01
  4.8647907e-02
 -2.3992117e-02
  4.3129185e-01
 -2.0148075e+00
 -1.4880896e+00
 -2.9819922e+00
 -1.9396323e-01
  8.5358596e-01
 -3.8167133e+00
 -1.0912199e-01
 -1.3925152e+00
 -8.1062245e-01
 -3.8851875e-01
 -8.0367327e-01
  9.1897243e-01
 -1.2002640e+00
 -1.8309231e+00
 -1.2467983e+00
 -1.6401042e+00
  2.9505032e-01
 -2.3333263e+00
 -1.0718592e+00
 -9.8286569e-01
 -1.5671158e+00
 -1.9734384e+00
 -5.0044308e+00
  1.9720947e+00
  3.9078543e+00
  1.2607419e+00
 -3.9931828e-01
 -1.7497443e+00
 -9.0776640e-01
  8.0260551e-01
 -2.0728471e+00
 -3.0020747e+00
 -1.2470342e+00
 -1.2963042e+00
  1.8705031e-01
 -1.3954766e+00
 -9.5393562e-01
 -1.1060899e+00
 -1.8917990e-01
 -3.0998349e+00
  2.6494434e+00
 -8.3413756e-01
 -1.6161300e-02
  2.2059581e+00
 -2.5671656e+00
 -1.5988144e+00
 -1.5802168e+00
  5.6693666e-02
  2.3129189e+00
 -3.0011282e+00
  2.1396613e+00
 -1.0210106e+00
  5.5090594e-01
  1.4323501e-01
  1.6967528e-01
 -1.3684766e+00
  1.2834879e+00
 -1.5462773e-01
  6.2383884e-01
  4.7131717e-01
  4.5278108e-01
 -9.1999334e-01
 -1.0194075e+00
  6.4998406e-01
 -2.0309718e+00
  2.2621439e+00
  2.8643873e+00
 -9.2929855e-02
 -1.4727233e-01
 -2.2483385e+00
  3.4450312e+00
  2.1984152e-01
 -6.8568069e-01
 -5.0752711e-01
  4.6132261e-01
  7.9993941e-02
  1.2567395e+00
  6.8680018e-01
  5.9760165e-01
 -1.0215669e+00
  1.4076602e+00
  1.5784439e+00
  1.8254505e+00
 -9.7590864e-01
 -9.3995577e-01
  6.9261158e-01
 -6.1576349e-01
 -1.7087689e-01
 -8.0279267e-01
  7.9554611e-01
 -1.1065767e+00
  1.1708172e-01
 -4.4394630e-01
 -5.8712828e-01
  2.4496811e-02
 -2.6970172e+00
  2.5665584e+00
 -2.7069323e+00
  1.3945028e+00
  2.7349555e-01
 -5.7569325e-01
  6.1567003e-01
 -3.4985203e-01
 -3.1905752e-01
  2.2128868e+00
  1.4560959e-01
 -3.3684919e+00
 -1.1842791e+00
 -3.0872285e-01
 -7.7134740e-01
 -2.3696578e+00
 -3.9256111e-01
 -1.1021591e+00
  1.1406808e+00
  5.5438139e-02
 -1.2127054e+00
 -2.1957643e+00
 -6.3618195e-01
  1.7007318e+00
  3.6387095e-01
  1.3160226e+00
  1.1982540e+00
  5.5523849e-01
  1.1658601e+00
 -5.0293481e-01
  2.2882010e-01
  1.1610383e+00
  1.5497663e+00
 -7.6561373e-01
  3.9582970e+00
  2.6717217e+00
 -2.3292191e+00
 -2.3765843e-01
 -2.9350781e-01
 -2.6616436e-01
 -1.5741503e+00
  2.2863331e+00
  3.7995544e-01
 -4.0067619e-01
  2.2065508e+00
 -1.6205884e+00
  1.5378693e+00
 -1.1361632e+00
  2.1153332e-01
 -1.8350844e+00
  6.0052472e-01
  2.6826136e+00
 -1.1903204e+00
 -3.3341813e-01
 -7.3794442e-01
 -7.1218491e-01
  7.6772195e-01
 -2.6301649e-01
  1.7849544e+00
  1.2648709e+00
 -4.3499574e-01
 -5.9866697e-01
  1.7470577e-01
 -4.5770979e-01
  4.6768717e-02
  1.8076144e-01
  1.1232398e+00
  2.0027449e+00
  2.8975004e-01
  4.6710283e-03
 -4.1379690e+00
 -2.4180346e+00
 -1.4483625e+00
  2.0511642e+00
  6.0318465e+00
 -3.7478251e+00
  2.6395319e+00
 -2.7573547e+00
 -3.3452709e+00
  1.2702788e+00
  4.3118095e-01
  1.9268370e+00
 -1.1401268e+00
 -1.8023170e+00
 -2.0492435e+00
  1.2125851e+00
  4.0090227e-01
 -7.8316942e-02
  1.4488688e+00
  1.9104021e+00
  5.9841335e-02
  2.6902783e+00
 -1.3629717e+00
  1.1087389e+00
 -9.2437893e-01
 -2.7294631e+00
 -9.6876860e-01
 -4.8071146e-01
 -1.5375514e+00
  6.5617353e-01
  9.5961672e-01
 -2.9259759e-01
 -6.5071589e-01
  4.1673547e-01
 -5.0457854e+00
 -6.0585010e-01
 -2.5747333e+00
 -1.0844452e-01
 -1.6784700e+00
 -1.5508972e+00
 -9.8860896e-01
 -2.0137231e+00
 -3.0729532e-01
  8.7131366e-02
 -3.5958872e+00
  7.4090892e-01
  3.5255845e+00
 -3.9373699e-01
 -8.0276388e-01
 -1.3242644e+00
 -1.6304017e+00
 -9.2151213e-01
 -2.5609744e-01
  3.6043050e+00
 -1.7492337e+00
 -6.2484056e-01
  5.7309270e-01
 -1.2362023e-01
  2.2298057e+00
  1.6869956e+00
 -2.0163321e+00
 -2.8718781e-01
  1.1118516e+00
 -1.8297594e+00
  4.8664793e-01
  8.6492836e-01
  2.2802867e-01
 -6.0484111e-01
  2.4909553e-01
 -1.2873055e-01
  1.4697827e+00
 -1.3603255e+00
 -8.5492891e-01
 -3.6663067e+00
 -6.9974113e-01
 -1.1514658e+00
 -1.1498988e+00
  5.2026474e-01
 -4.3546385e-01
 -6.2251538e-01
  1.3631687e+00
  7.3422641e-01
 -1.7662674e+00
  5.4981506e-01
  8.3117527e-01
  2.4187356e-01
  1.1819100e+00
  8.5280234e-01
  2.8567684e+00
 -2.6257882e+00
  1.8545736e+00
 -1.7495085e+00
  1.6684729e-01
 -1.1137750e+00
  5.7990026e-01
 -3.3486104e-01
  4.5855013e-01
  5.0416124e-01
 -2.9767828e+00
 -1.2104784e+00
  1.6687423e-01
  7.3860359e-01
 -7.5966692e-01
 -1.4281093e+00
 -5.3723574e+00
 -3.5318286e+00
  3.8497999e+00
  3.7279322e+00
  4.3748317e+00
  2.4349549e-01
 -1.2881960e+00
 -1.3723524e+00
  2.9022381e+00
 -1.5910575e+00
  1.4089617e+00
  1.0336268e+00
 -2.2529314e+00
  2.8893211e+00
 -7.7580535e-01
  5.1585644e-01
  2.3226671e+00
  2.1791220e+00
  7.3406553e+00
  3.7624149e+00
 -1.8574356e-01
  3.9258072e+00
  8.7282515e-01
  7.0560880e+00
 -5.4554045e-01
  1.0617448e+00
  3.4961002e+00
 -1.9316090e-02
 -1.1484375e+00
 -5.7959193e-01
 -9.4778049e-01
  2.8423691e+00
 -3.3246130e-01
 -1.1965866e+00
 -3.0416179e-01
 -1.2282828e+00
  9.6009976e-01
  1.9837805e+00
  6.0712706e-02
  1.6623303e+00
  6.9400042e-01
 -1.8112520e+00
 -2.8800538e-01
 -1.0721717e+00
 -7.5919241e-02
 -1.1037439e+00
 -1.6582774e+00
 -1.1175420e+00
  3.7895158e-02
 -3.8117903e-01
  4.8090714e-01
  1.0325242e+00
 -2.0941730e+00
 -1.3116864e+00
  1.1081885e+00
  2.2696271e+00
  9.2734671e-01
 -1.3974485e+00
 -6.1565977e-01
  2.6966926e-01
 -1.9673388e-01
 -3.9695368e+00
 -1.2682114e+00
 -4.8508756e-02
 -4.2580470e-01
  2.8974980e-01
 -2.9832724e-01
 -1.4009576e+00
  2.3673956e-01
  7.2456908e-01
 -5.4568279e-01
  7.6186883e-01
  2.1210389e+00
  1.4566033e+00
 -1.5434040e+00
  1.1193405e+00
  8.5614753e-01
  1.6042103e+00
  7.3626125e-01
 -3.8069949e+00
  2.0654328e+00
 -1.5508634e+00
  1.7647079e+00
  9.9952161e-01
 -2.9627268e+00
 -5.0917828e-01
 -1.5842892e+00
 -1.7115722e+00
  1.9756204e-01
 -2.2190158e+00
  3.6602824e+00
 -3.4630287e+00
 -9.9632162e-01
 -8.9112502e-01
  1.9966204e+00
  8.3629102e-01
  2.1401358e+00
 -1.7913424e+00
 -1.7614617e+00
  1.7919828e+00
  2.5122800e-01
  1.6100218e+00
  1.5887665e+00
  7.1471804e-01
  1.8765510e+00
 -8.2314605e-01
 -7.9671031e-01
 -1.3205458e+00
 -8.8798976e-01
  1.7121314e+00
  1.2704723e+00
 -4.2398220e-01
  1.1276194e+00
  7.7526927e-01
 -3.0572923e-02
  1.0672231e+00
 -4.3835723e-01
  1.0801263e+00
 -1.0994369e-01
 -1.2902305e-02
 -1.5701540e+00
  2.0734177e+00
 -1.2247227e+00
  2.3189613e-01
 -1.4472693e+00
  2.5142267e-01
  2.6994944e+00
  4.1748095e-01
  2.3504286e-01
  7.7759004e-01
  1.3883990e+00
  1.1716611e-03
  7.3606503e-01
  2.5397043e+00
 -2.6096526e-01
 -3.6301500e-01
  9.0710217e-01
  7.6123714e-01
 -1.0456012e+00
  1.3916210e+00
 -5.1670659e-01
 -1.8671243e+00
 -1.6613230e+00
 -1.8471092e-01
 -3.5898390e+00
 -1.0231098e+00
 -2.1874099e+00
 -2.5498670e-01
  1.7986074e-01
  7.7493924e-01
  2.8319520e-01
  1.2745566e+00
  2.6124066e-01
 -8.2839710e-01
  3.1106055e-01
  4.1126060e-01
  8.3312547e-01
  8.8013268e-01
  1.6545960e-01
  7.3639548e-01
 -8.9512378e-01
  1.1361565e-01
 -1.3920449e+00
  4.4417453e-01
  2.8897569e-01
  4.7203144e-01
  3.5365450e-01
  3.9438212e-01
 -1.4771284e-01
  2.7529571e+00
 -4.7216418e-01
  5.3365248e-01
 -3.5717326e-01
  5.8150792e-01
 -3.4869722e-01
 -7.1389526e-01
  1.3471816e+00
  5.5152923e-01
  1.5713598e+00
  2.8918961e-01
 -2.0432305e-01
 -7.5715971e-01
 -2.4503787e+00
  1.5388191e-01
 -6.8944651e-01
  1.1868049e-01
  3.0149397e-01
 -4.3633580e-01
 -1.4632623e-01
 -3.2851107e+00
 -6.3829958e-01
  2.8922981e-01
 -1.6756537e+00
 -4.4041899e-01
  5.6665868e-01
  5.9291685e-01
  2.5689662e-01
  5.8701032e-01
 -1.5819044e+00
 -7.2168207e-01
 -6.5236658e-01
  5.3661561e-01
  5.5671400e-01
  6.4380604e-01
 -6.0901779e-01
 -1.7847750e+00
 -1.8814222e+00
 -6.1899036e-01
 -4.6271688e-01
  6.7702359e-01
  3.2047474e-01
 -4.5639715e-01
 -7.4913812e-01
 -7.6415879e-01
 -2.7442819e-01
  3.3189002e-01
  8.4028530e-01
 -3.9623079e-01
 -7.0926470e-01
 -3.4531018e-01
  4.5908415e-01
 -4.1428846e-01
  2.8923781e+00
  2.4795903e-01
 -1.2152733e+00
  9.8063564e-01
 -9.4175071e-01
 -2.3280649e-01
 -2.9832158e+00
 -1.9775306e-01
  2.0050762e+01
 -2.1220167e+00
 -3.5058734e+00
  3.0018988e+00
  1.4276818e+00
 -6.6946158e+00
 -2.5465055e+00
  3.0429623e+00
  5.4183216e+00
 -7.7619028e-01
 -3.4969118e+00
 -7.3016191e+00
 -1.7222154e+00
  2.2435218e-01
 -3.9881647e+00
  5.6196856e-01
  4.2658553e+00
  7.4812281e-01
  3.0529532e+00
  7.1321678e-01
  1.8191031e-01
  8.2629174e-01
 -7.4728590e-01
  2.8126163e+00
 -7.1271653e+00
 -3.1795254e-01
  4.5599957e+00
  5.0689363e+00
 -1.7577537e+00
 -1.3091168e+00
 -1.7473332e+00
  1.1585722e+00
 -7.1945560e-01
 -1.5810995e+00
 -1.0224848e+00
  3.5712593e+00
  3.8867342e+00
 -9.0598041e-01
 -2.1763539e+00
  1.1146898e+00
  6.4989619e+00
  5.4564571e+00
 -3.5949869e+00
 -6.0180402e+00
 -2.1255903e+00
  2.0921965e+00
  1.4204311e-01
  3.1496754e+00
 -4.4526401e+00
 -2.9995444e-01
  3.6035011e+00
  5.2702713e-01
  7.4935865e-01
  1.7975729e+00
  1.3592644e+00
 -1.8973451e+00
 -4.0920115e+00
  6.5448780e+00
  4.2657018e+00
 -2.9347482e+00
 -3.3474650e+00
 -1.6215163e+00
 -7.0250326e-01
 -8.5809392e-01
  1.2769005e+00
  8.3281412e+00
 -1.0009906e+00
 -4.9237709e+00
  1.6992534e+00
  4.6613688e+00
  4.7011173e-01
 -3.4016671e+00
 -1.5866208e+00
 -1.3080939e-02
  2.4487374e+00
  4.1649094e-01
 -3.2598469e-01
 -2.1584206e+00
  1.6456582e-01
  3.2323938e-02
  8.5349256e-01
 -1.2260854e+00
 -3.2826703e+00
 -4.5743780e+00
  1.9408752e+00
  1.5254618e+00
 -2.0270345e+00
  1.6816525e+00
  4.4447951e+00
  1.4934634e+00
 -2.3296809e+00
  4.1251560e-03
  4.1251560e-03
  4.1251560e-03
  4.1251560e-03
  4.1251560e-03
  5.2743582e-03
  5.2743582e-03
  5.2743582e-03
  5.2743582e-03
  5.2743582e-03
  4.1027446e-03
  4.1027446e-03
  4.1027446e-03
  4.1027446e-03
  4.1027446e-03
  2.3731452e-03
  2.3731452e-03
  2.3731452e-03
  2.3731452e-03
  2.3731452e-03
  1.4660439e-03
  1.4660439e-03
  1.4660439e-03
  1.4660439e-03
  1.4660439e-03
  7.1759237e-04
  7.1759237e-04
  7.1759237e-04
  7.1759237e-04
  7.1759237e-04
  5.9611837e-05
  5.9611837e-05
  5.9611837e-05
  5.9611837e-05
  5.9611837e-05
